hf_schedlock() 25233 hf_spawn() 26029 hf_spawn() 26302 hf_spawn() 26565 hf_spawn() 26829 hf_spawn() 27094 hf_spawn() 27360 irq8 27748 dispatch 27881 hf_schedlock() 28084 irq4 28838 dispatch 28970 
3 5 1 5 29273 hf_selfid() 29426 irq8 31459 dispatch 31593 
1 6 1 6 31877 hf_selfid() 32030 irq4 34081 dispatch 34214 
5 6 1 6 34497 hf_selfid() 34651 irq8 36702 dispatch 36837 
4 7 1 7 37121 hf_selfid() 37274 irq4 39323 dispatch 39458 
2 9 1 9 39742 hf_selfid() 39897 irq8 41945 dispatch 42082 
3 5 1 5 42367 irq4 44566 dispatch 44703 
1 6 1 6 44999 irq8 47188 dispatch 47325 
5 6 1 6 47612 irq4 49809 dispatch 49946 
4 7 1 7 50232 irq8 52431 dispatch 52569 
2 9 1 9 52856 irq4 55052 dispatch 55190 
3 5 1 5 55478 irq8 57674 dispatch 57811 
0 0 0 0 58148 irq4 60295 dispatch 60434 
1 6 1 6 60727 irq8 62916 dispatch 63055 
5 6 1 6 63344 irq4 65538 dispatch 65676 
4 7 1 7 65963 irq8 68159 dispatch 68299 
3 5 1 5 68588 irq4 70781 dispatch 70921 
0 0 0 0 71232 irq8 73402 dispatch 73542 
0 0 0 0 73868 irq4 76024 dispatch 76163 
1 6 1 6 76455 irq8 78645 dispatch 78785 
5 6 1 6 79074 irq4 81266 dispatch 81408 
3 5 1 5 81698 irq8 83888 dispatch 84029 
4 7 1 7 84319 irq4 86509 dispatch 86651 
2 9 1 9 86942 irq8 89131 dispatch 89273 
0 0 0 0 89595 irq4 91752 dispatch 91895 
1 6 1 6 92188 irq8 94374 dispatch 94517 
3 5 1 5 94808 irq4 96995 dispatch 97137 
5 6 1 6 97430 irq8 99617 dispatch 99759 
2 9 1 9 100051 irq4 102238 dispatch 102385 
4 7 1 7 102681 irq8 104859 dispatch 105006 
0 0 0 0 105351 irq4 107481 dispatch 107628 
3 5 1 5 107924 irq8 110102 dispatch 110250 
1 6 1 6 110548 irq4 112724 dispatch 112871 
5 6 1 6 113169 irq8 115345 dispatch 115493 
0 0 0 0 115833 irq4 117967 dispatch 118115 
0 0 0 0 118444 irq8 120588 dispatch 120736 
3 5 1 5 121035 irq4 123210 dispatch 123357 
1 6 1 6 123655 irq8 125831 dispatch 125980 
5 6 1 6 126287 irq4 128452 dispatch 128601 
4 7 1 7 128899 irq8 131074 dispatch 131222 
2 9 1 9 131519 irq4 133695 dispatch 133844 
3 5 1 5 134142 irq8 136317 dispatch 136466 
0 0 0 0 136807 irq4 138938 dispatch 139088 
1 6 1 6 139387 irq8 141560 dispatch 141709 
5 6 1 6 142013 irq4 144181 dispatch 144330 
4 7 1 7 144628 irq8 146802 dispatch 146952 
3 5 1 5 147251 irq4 149424 dispatch 149574 
2 9 1 9 149872 irq8 152045 dispatch 152195 
0 0 0 0 152510 irq4 154667 dispatch 154816 
1 6 1 6 155115 irq8 157288 dispatch 157438 
5 6 1 6 157741 irq4 159910 dispatch 160060 
3 5 1 5 160358 irq8 162531 dispatch 162683 
4 7 1 7 162982 irq4 165153 dispatch 165303 
0 0 0 0 165646 irq8 167774 dispatch 167926 
0 0 0 0 168264 irq4 170395 dispatch 170547 
1 6 1 6 170849 irq8 173017 dispatch 173169 
3 5 1 5 173470 irq4 175638 dispatch 175790 
5 6 1 6 176093 irq8 178260 dispatch 178412 
4 7 1 7 178713 irq4 180881 dispatch 181032 
2 9 1 9 181333 irq8 183503 dispatch 183656 
0 0 0 0 183982 irq4 186124 dispatch 186276 
3 5 1 5 186577 irq8 188746 dispatch 188898 
1 6 1 6 189199 irq4 191367 dispatch 191520 
5 6 1 6 191822 irq8 193988 dispatch 194141 
4 7 1 7 194443 irq4 196610 dispatch 196761 
2 9 1 9 197062 irq8 199231 dispatch 199384 
3 5 1 5 199686 irq4 201853 dispatch 202005 
1 6 1 6 202306 irq8 204474 dispatch 204628 
5 6 1 6 204931 irq4 207096 dispatch 207248 
0 0 0 0 207582 irq8 209717 dispatch 209870 
0 0 0 0 210214 irq4 212339 dispatch 212493 
3 5 1 5 212796 irq8 214960 dispatch 215115 
4 7 1 7 215419 irq4 217581 dispatch 217737 
1 6 1 6 218040 irq8 220203 dispatch 220357 
5 6 1 6 220661 irq4 222824 dispatch 222979 
2 9 1 9 223289 irq8 225446 dispatch 225600 
3 5 1 5 225902 irq4 228067 dispatch 228222 
0 0 0 0 228562 irq8 230689 dispatch 230842 
4 7 1 7 231146 irq4 233310 dispatch 233465 
1 6 1 6 233770 irq8 235931 dispatch 236087 
5 6 1 6 236391 irq4 238553 dispatch 238708 
3 5 1 5 239016 irq8 241174 dispatch 241329 
2 9 1 9 241634 irq4 243796 dispatch 243951 
0 0 0 0 244291 irq8 246417 dispatch 246571 
0 0 0 0 246904 irq4 249039 dispatch 249194 
1 6 1 6 249498 irq8 251660 dispatch 251815 
3 5 1 5 252120 irq4 254282 dispatch 254436 
5 6 1 6 254742 irq8 256903 dispatch 257058 
4 7 1 7 257363 irq4 259524 dispatch 259680 
0 0 0 0 260021 irq8 262146 dispatch 262300 
0 0 0 0 262648 irq4 264767 dispatch 264923 
3 5 1 5 265228 irq8 267389 dispatch 267544 
1 6 1 6 267848 irq4 270010 dispatch 270166 
5 6 1 6 270471 irq8 272632 dispatch 272788 
4 7 1 7 273092 irq4 275253 dispatch 275408 
2 9 1 9 275713 irq8 277874 dispatch 278031 
3 5 1 5 278337 irq4 280496 dispatch 280651 
1 6 1 6 280956 irq8 283117 dispatch 283274 
5 6 1 6 283579 irq4 285739 dispatch 285895 
4 7 1 7 286201 irq8 288360 dispatch 288515 
2 9 1 9 288828 irq4 290982 dispatch 291137 
3 5 1 5 291443 irq8 293603 dispatch 293759 
0 0 0 0 294097 irq4 296225 dispatch 296380 
1 6 1 6 296685 irq8 298846 dispatch 299003 
5 6 1 6 299308 irq4 301467 dispatch 301624 
0 0 0 0 301972 irq8 304089 dispatch 304245 
3 5 1 5 304556 irq4 306710 dispatch 306867 
4 7 1 7 307174 irq8 309332 dispatch 309488 
0 0 0 0 309823 irq4 311953 dispatch 312110 
1 6 1 6 312415 irq8 314575 dispatch 314731 
5 6 1 6 315038 irq4 317196 dispatch 317353 
3 5 1 5 317660 irq8 319818 dispatch 319975 
2 9 1 9 320285 irq4 322439 dispatch 322596 
4 7 1 7 322902 irq8 325060 dispatch 325218 
0 0 0 0 325554 irq4 327682 dispatch 327838 
1 6 1 6 328144 irq8 330303 dispatch 330461 
3 5 1 5 330768 irq4 332925 dispatch 333082 
5 6 1 6 333389 irq8 335546 dispatch 335705 
2 9 1 9 336013 irq4 338168 dispatch 338325 
0 0 0 0 338662 irq8 340789 dispatch 340948 
4 7 1 7 341255 irq4 343410 dispatch 343569 
3 5 1 5 343877 irq8 346032 dispatch 346190 
1 6 1 6 346497 irq4 348653 dispatch 348812 
5 6 1 6 349118 irq8 351275 dispatch 351434 
0 0 0 0 351789 irq4 353896 dispatch 354054 
0 0 0 0 354411 irq8 356518 dispatch 356676 
3 5 1 5 356985 irq4 359139 dispatch 359298 
1 6 1 6 359606 irq8 361761 dispatch 361918 
5 6 1 6 362226 irq4 364382 dispatch 364541 
4 7 1 7 364849 irq8 367003 dispatch 367163 
2 9 1 9 367472 irq4 369625 dispatch 369783 
3 5 1 5 370099 irq8 372246 dispatch 372405 
0 0 0 0 372761 irq4 374868 dispatch 375026 
1 6 1 6 375335 irq8 377489 dispatch 377648 
5 6 1 6 377955 irq4 380111 dispatch 380270 
4 7 1 7 380579 irq8 382732 dispatch 382891 
3 5 1 5 383200 irq4 385354 dispatch 385512 
2 9 1 9 385825 irq8 387975 dispatch 388134 
0 0 0 0 388467 irq4 390596 dispatch 390755 
1 6 1 6 391063 irq8 393218 dispatch 393376 
5 6 1 6 393683 irq4 395839 dispatch 395999 
3 5 1 5 396308 irq8 398461 dispatch 398620 
4 7 1 7 398928 irq4 401082 dispatch 401241 
0 0 0 0 401588 irq8 403704 dispatch 403862 
0 0 0 0 404185 irq4 406325 dispatch 406484 
1 6 1 6 406792 irq8 408946 dispatch 409106 
3 5 1 5 409415 irq4 411568 dispatch 411728 
5 6 1 6 412037 irq8 414189 dispatch 414350 
4 7 1 7 414661 irq4 416811 dispatch 416970 
2 9 1 9 417280 irq8 419432 dispatch 419593 
0 0 0 0 419938 irq4 422054 dispatch 422214 
3 5 1 5 422525 irq8 424675 dispatch 424836 
1 6 1 6 425146 irq4 427297 dispatch 427457 
5 6 1 6 427767 irq8 429918 dispatch 430080 
2 9 1 9 430389 irq4 432539 dispatch 432700 
4 7 1 7 433011 irq8 435161 dispatch 435323 
3 5 1 5 435633 irq4 437782 dispatch 437943 
1 6 1 6 438254 irq8 440404 dispatch 440564 
5 6 1 6 440874 irq4 443025 dispatch 443186 
0 0 0 0 443526 irq8 445647 dispatch 445808 
0 0 0 0 446168 irq4 448268 dispatch 448428 
3 5 1 5 448738 irq8 450890 dispatch 451050 
4 7 1 7 451369 irq4 453511 dispatch 453672 
1 6 1 6 453983 irq8 456132 dispatch 456293 
5 6 1 6 456604 irq4 458754 dispatch 458914 
2 9 1 9 459224 irq8 461375 dispatch 461536 
3 5 1 5 461846 irq4 463997 dispatch 464159 
0 0 0 0 464511 irq8 466618 dispatch 466779 
0 0 0 0 467140 irq4 469240 dispatch 469401 
1 6 1 6 469711 irq8 471861 dispatch 472023 
5 6 1 6 472334 irq4 474482 dispatch 474644 
3 5 1 5 474955 irq8 477104 dispatch 477266 
4 7 1 7 477576 irq4 479725 dispatch 479888 
2 9 1 9 480199 irq8 482347 dispatch 482508 
0 0 0 0 482840 irq4 484968 dispatch 485129 
1 6 1 6 485440 irq8 487590 dispatch 487751 
3 5 1 5 488063 irq4 490211 dispatch 490373 
5 6 1 6 490685 irq8 492833 dispatch 492992 
4 7 1 7 493302 irq4 495454 dispatch 495615 
0 0 0 0 495975 irq8 498075 dispatch 498237 
0 0 0 0 498598 irq4 500697 dispatch 500858 
3 5 1 5 501169 irq8 503318 dispatch 503480 
1 6 1 6 503792 irq4 505940 dispatch 506101 
5 6 1 6 506413 irq8 508561 dispatch 508723 
4 7 1 7 509034 irq4 511183 dispatch 511346 
2 9 1 9 511658 irq8 513804 dispatch 513966 
3 5 1 5 514278 irq4 516426 dispatch 516587 
1 6 1 6 516899 irq8 519047 dispatch 519209 
5 6 1 6 519521 irq4 521668 dispatch 521830 
0 0 0 0 522179 irq8 524290 dispatch 524451 
4 7 1 7 524761 irq4 526911 dispatch 527073 
3 5 1 5 527384 irq8 529533 dispatch 529695 
2 9 1 9 530007 irq4 532154 dispatch 532317 
1 6 1 6 532638 hf_selfid() 532830 irq8 534776 dispatch 534938 
5 6 1 6 535249 hf_selfid() 535441 irq4 537397 dispatch 537560 
0 0 0 0 537914 irq8 540019 dispatch 540181 
3 5 1 5 540492 hf_selfid() 540684 irq4 542640 dispatch 542802 
4 7 1 7 543112 hf_selfid() 543305 irq8 545261 dispatch 545424 
0 0 0 0 545753 irq4 547883 dispatch 548045 
1 6 1 6 548362 irq8 550504 dispatch 550666 
5 6 1 6 550978 irq4 553126 dispatch 553287 
3 5 1 5 553599 irq8 555747 dispatch 555910 
2 9 1 9 556222 hf_selfid() 556417 irq4 558369 dispatch 558531 
0 0 0 0 558859 irq8 560990 dispatch 561153 
4 7 1 7 561463 irq4 563611 dispatch 563773 
1 6 1 6 564088 irq8 566233 dispatch 566396 
3 5 1 5 566708 irq4 568854 dispatch 569016 
5 6 1 6 569328 irq8 571476 dispatch 571639 
2 9 1 9 571951 irq4 574097 dispatch 574259 
0 0 0 0 574619 irq8 576719 dispatch 576881 
0 0 0 0 577215 irq4 579340 dispatch 579502 
3 5 1 5 579815 irq8 581962 dispatch 582124 
1 6 1 6 582436 irq4 584583 dispatch 584745 
5 6 1 6 585057 irq8 587204 dispatch 587367 
4 7 1 7 587679 irq4 589826 dispatch 589987 
0 0 0 0 590322 irq8 592447 dispatch 592610 
3 5 1 5 592922 irq4 595069 dispatch 595232 
1 6 1 6 595543 irq8 597690 dispatch 597853 
5 6 1 6 598167 irq4 600312 dispatch 600475 
4 7 1 7 600787 irq8 602933 dispatch 603096 
2 9 1 9 603409 irq4 605554 dispatch 605718 
3 5 1 5 606030 irq8 608176 dispatch 608338 
0 0 0 0 608673 irq4 610797 dispatch 610961 
1 6 1 6 611273 irq8 613419 dispatch 613583 
5 6 1 6 613905 irq4 616040 dispatch 616202 
4 7 1 7 616513 irq8 618662 dispatch 618824 
3 5 1 5 619136 irq4 621283 dispatch 621446 
2 9 1 9 621757 irq8 623905 dispatch 624068 
0 0 0 0 624408 irq4 626526 dispatch 626689 
1 6 1 6 627000 irq8 629147 dispatch 629310 
5 6 1 6 629629 irq4 631769 dispatch 631932 
3 5 1 5 632245 irq8 634390 dispatch 634554 
4 7 1 7 634868 irq4 637012 dispatch 637175 
0 0 0 0 637531 irq8 639633 dispatch 639797 
0 0 0 0 640135 irq4 642255 dispatch 642418 
1 6 1 6 642731 irq8 644876 dispatch 645039 
3 5 1 5 645356 irq4 647498 dispatch 647661 
5 6 1 6 647975 irq8 650119 dispatch 650283 
2 9 1 9 650596 irq4 652740 dispatch 652905 
4 7 1 7 653218 irq8 655362 dispatch 655524 
0 0 0 0 655863 irq4 657983 dispatch 658147 
3 5 1 5 658460 irq8 660605 dispatch 660769 
1 6 1 6 661082 irq4 663226 dispatch 663390 
5 6 1 6 663704 irq8 665848 dispatch 666011 
2 9 1 9 666324 irq4 668469 dispatch 668633 
0 0 0 0 668971 irq8 671090 dispatch 671255 
3 5 1 5 671570 irq4 673712 dispatch 673876 
1 6 1 6 674190 irq8 676333 dispatch 676498 
5 6 1 6 676811 irq4 678955 dispatch 679119 
4 7 1 7 679434 irq8 681576 dispatch 681741 
0 0 0 0 682085 irq4 684198 dispatch 684362 
3 5 1 5 684676 irq8 686819 dispatch 686984 
0 0 0 0 687329 irq4 689441 dispatch 689604 
1 6 1 6 689918 irq8 692062 dispatch 692227 
5 6 1 6 692540 irq4 694683 dispatch 694848 
4 7 1 7 695171 irq8 697305 dispatch 697470 
3 5 1 5 697784 irq4 699926 dispatch 700091 
2 9 1 9 700407 irq8 702548 dispatch 702713 
0 0 0 0 703078 irq4 705169 dispatch 705334 
1 6 1 6 705648 irq8 707791 dispatch 707956 
5 6 1 6 708271 irq4 710412 dispatch 710577 
3 5 1 5 710897 irq8 713034 dispatch 713199 
4 7 1 7 713514 irq4 715655 dispatch 715821 
2 9 1 9 716136 irq8 718276 dispatch 718441 
0 0 0 0 718790 irq4 720898 dispatch 721061 
1 6 1 6 721374 irq8 723519 dispatch 723685 
3 5 1 5 723999 irq4 726141 dispatch 726306 
5 6 1 6 726624 irq8 728762 dispatch 728928 
4 7 1 7 729241 irq4 731384 dispatch 731549 
0 0 0 0 731880 irq8 734005 dispatch 734171 
0 0 0 0 734534 irq4 736627 dispatch 736792 
3 5 1 5 737108 irq8 739248 dispatch 739412 
1 6 1 6 739727 irq4 741869 dispatch 742035 
5 6 1 6 742350 irq8 744491 dispatch 744656 
4 7 1 7 744970 irq4 747112 dispatch 747278 
2 9 1 9 747593 irq8 749734 dispatch 749899 
3 5 1 5 750215 irq4 752355 dispatch 752521 
1 6 1 6 752836 irq8 754977 dispatch 755142 
5 6 1 6 755458 irq4 757598 dispatch 757765 
0 0 0 0 758095 irq8 760219 dispatch 760385 
2 9 1 9 760700 irq4 762841 dispatch 763007 
3 5 1 5 763322 irq8 765462 dispatch 765628 
4 7 1 7 765944 irq4 768084 dispatch 768247 
1 6 1 6 768561 irq8 770705 dispatch 770870 
5 6 1 6 771185 irq4 773327 dispatch 773492 
0 0 0 0 773836 irq8 775948 dispatch 776114 
3 5 1 5 776437 irq4 778570 dispatch 778734 
0 0 0 0 779065 irq8 781191 dispatch 781357 
4 7 1 7 781672 irq4 783812 dispatch 783978 
1 6 1 6 784294 irq8 786434 dispatch 786598 
5 6 1 6 786911 irq4 789055 dispatch 789220 
3 5 1 5 789534 irq8 791677 dispatch 791843 
2 9 1 9 792163 irq4 794298 dispatch 794463 
0 0 0 0 794794 irq8 796920 dispatch 797085 
0 0 0 0 797441 irq4 799541 dispatch 799707 
1 6 1 6 800023 irq8 802162 dispatch 802327 
3 5 1 5 802642 irq4 804784 dispatch 804949 
5 6 1 6 805263 irq8 807405 dispatch 807570 
4 7 1 7 807888 irq4 810027 dispatch 810193 
2 9 1 9 810509 irq8 812648 dispatch 812815 
0 0 0 0 813167 irq4 815270 dispatch 815436 
3 5 1 5 815753 irq8 817891 dispatch 818059 
1 6 1 6 818375 irq4 820513 dispatch 820678 
5 6 1 6 820993 irq8 823134 dispatch 823301 
4 7 1 7 823616 irq4 825755 dispatch 825922 
0 0 0 0 826254 irq8 828377 dispatch 828544 
3 5 1 5 828860 irq4 830998 dispatch 831165 
1 6 1 6 831483 irq8 833620 dispatch 833786 
5 6 1 6 834103 irq4 836241 dispatch 836407 
4 7 1 7 836724 irq8 838863 dispatch 839030 
2 9 1 9 839347 irq4 841484 dispatch 841651 
3 5 1 5 841967 irq8 844106 dispatch 844273 
0 0 0 0 844638 irq4 846727 dispatch 846894 
1 6 1 6 847210 irq8 849348 dispatch 849516 
5 6 1 6 849833 irq4 851970 dispatch 852136 
0 0 0 0 852468 irq8 854591 dispatch 854759 
3 5 1 5 855076 irq4 857213 dispatch 857380 
4 7 1 7 857706 irq8 859834 dispatch 860003 
2 9 1 9 860319 irq4 862456 dispatch 862623 
1 6 1 6 862939 irq8 865077 dispatch 865245 
5 6 1 6 865561 irq4 867698 dispatch 867866 
3 5 1 5 868183 irq8 870320 dispatch 870488 
0 0 0 0 870833 irq4 872941 dispatch 873109 
4 7 1 7 873431 irq8 875563 dispatch 875730 
0 0 0 0 876072 irq4 878184 dispatch 878352 
1 6 1 6 878669 irq8 880806 dispatch 880972 
3 5 1 5 881288 irq4 883427 dispatch 883594 
5 6 1 6 883911 irq8 886049 dispatch 886215 
2 9 1 9 886532 irq4 888670 dispatch 888838 
0 0 0 0 889174 irq8 891291 dispatch 891459 
4 7 1 7 891777 irq4 893913 dispatch 894081 
3 5 1 5 894398 irq8 896534 dispatch 896701 
1 6 1 6 897019 irq4 899156 dispatch 899324 
5 6 1 6 899641 irq8 901777 dispatch 901944 
2 9 1 9 902261 irq4 904399 dispatch 904566 
0 0 0 0 904914 irq8 907020 dispatch 907188 
3 5 1 5 907506 irq4 909642 dispatch 909808 
1 6 1 6 910125 irq8 912263 dispatch 912431 
5 6 1 6 912748 irq4 914884 dispatch 915052 
4 7 1 7 915370 irq8 917506 dispatch 917673 
0 0 0 0 918031 irq4 920127 dispatch 920295 
3 5 1 5 920613 irq8 922749 dispatch 922916 
0 0 0 0 923255 irq4 925370 dispatch 925538 
1 6 1 6 925854 irq8 927992 dispatch 928160 
5 6 1 6 928475 irq4 930613 dispatch 930780 
4 7 1 7 931098 irq8 933235 dispatch 933403 
3 5 1 5 933720 irq4 935856 dispatch 936024 
2 9 1 9 936340 irq8 938477 dispatch 938645 
0 0 0 0 939019 irq4 941099 dispatch 941267 
1 6 1 6 941585 irq8 943720 dispatch 943888 
5 6 1 6 944206 irq4 946342 dispatch 946510 
3 5 1 5 946828 irq8 948963 dispatch 949131 
4 7 1 7 949448 irq4 951585 dispatch 951753 
2 9 1 9 952071 irq8 954206 dispatch 954375 
0 0 0 0 954721 irq4 956827 dispatch 956995 
1 6 1 6 957314 irq8 959449 dispatch 959618 
3 5 1 5 959936 irq4 962070 dispatch 962238 
5 6 1 6 962556 irq8 964692 dispatch 964859 
4 7 1 7 965176 irq4 967313 dispatch 967481 
0 0 0 0 967822 irq8 969935 dispatch 970103 
0 0 0 0 970455 irq4 972556 dispatch 972725 
3 5 1 5 973043 irq8 975178 dispatch 975346 
1 6 1 6 975664 irq4 977799 dispatch 977967 
5 6 1 6 978285 irq8 980420 dispatch 980589 
2 9 1 9 980907 irq4 983042 dispatch 983208 
4 7 1 7 983523 irq8 985663 dispatch 985830 
3 5 1 5 986148 irq4 988285 dispatch 988452 
1 6 1 6 988768 irq8 990906 dispatch 991074 
5 6 1 6 991391 irq4 993528 dispatch 993695 
0 0 0 0 994048 irq8 996149 dispatch 996317 
2 9 1 9 996635 irq4 998770 dispatch 998938 
3 5 1 5 999256 irq8 1001392 dispatch 1001563 
4 7 1 7 1001884 irq4 1004013 dispatch 1004184 
1 6 1 6 1004504 irq8 1006635 dispatch 1006806 
5 6 1 6 1007128 irq4 1009256 dispatch 1009427 
0 0 0 0 1009796 irq8 1011878 dispatch 1012049 
3 5 1 5 1012370 irq4 1014499 dispatch 1014670 
0 0 0 0 1015008 irq8 1017121 dispatch 1017292 
0 0 0 0 1017644 irq4 1019742 dispatch 1019914 
1 6 1 6 1020244 irq8 1022363 dispatch 1022536 
5 6 1 6 1022858 irq4 1024985 dispatch 1025156 
3 5 1 5 1025476 irq8 1027606 dispatch 1027778 
4 7 1 7 1028099 irq4 1030228 dispatch 1030400 
2 9 1 9 1030720 irq8 1032849 dispatch 1033021 
0 0 0 0 1033367 irq4 1035471 dispatch 1035643 
1 6 1 6 1035971 hf_selfid() 1036174 irq8 1038092 dispatch 1038264 
3 5 1 5 1038586 irq4 1040714 dispatch 1040885 
5 6 1 6 1041207 hf_selfid() 1041410 irq8 1043335 dispatch 1043507 
4 7 1 7 1043830 hf_selfid() 1044033 irq4 1045956 dispatch 1046128 
2 9 1 9 1046451 irq8 1048578 dispatch 1048748 
0 0 0 0 1049111 irq4 1051199 dispatch 1051371 
3 5 1 5 1051695 hf_selfid() 1051896 irq8 1053821 dispatch 1053993 
1 6 1 6 1054314 irq4 1056442 dispatch 1056613 
5 6 1 6 1056934 irq8 1059064 dispatch 1059236 
4 7 1 7 1059556 irq4 1061685 dispatch 1061857 
0 0 0 0 1062220 irq8 1064307 dispatch 1064479 
3 5 1 5 1064801 irq4 1066928 dispatch 1067099 
1 6 1 6 1067420 irq8 1069549 dispatch 1069721 
5 6 1 6 1070042 irq4 1072171 dispatch 1072342 
2 9 1 9 1072663 hf_selfid() 1072866 irq8 1074792 dispatch 1074965 
4 7 1 7 1075287 irq4 1077414 dispatch 1077585 
3 5 1 5 1077907 irq8 1080035 dispatch 1080207 
0 0 0 0 1080556 irq4 1082657 dispatch 1082828 
1 6 1 6 1083149 irq8 1085278 dispatch 1085451 
5 6 1 6 1085771 irq4 1087899 dispatch 1088072 
0 0 0 0 1088422 irq8 1090521 dispatch 1090693 
3 5 1 5 1091014 irq4 1093142 dispatch 1093314 
4 7 1 7 1093635 irq8 1095764 dispatch 1095935 
2 9 1 9 1096258 irq4 1098385 dispatch 1098557 
1 6 1 6 1098879 irq8 1101007 dispatch 1101180 
5 6 1 6 1101512 irq4 1103628 dispatch 1103802 
3 5 1 5 1104125 irq8 1106250 dispatch 1106422 
0 0 0 0 1106779 irq4 1108871 dispatch 1109044 
0 0 0 0 1109398 irq8 1111492 dispatch 1111667 
4 7 1 7 1111991 irq4 1114114 dispatch 1114286 
1 6 1 6 1114609 irq8 1116735 dispatch 1116910 
3 5 1 5 1117238 irq4 1119357 dispatch 1119531 
5 6 1 6 1119855 irq8 1121978 dispatch 1122152 
2 9 1 9 1122474 irq4 1124600 dispatch 1124773 
0 0 0 0 1125145 irq8 1127221 dispatch 1127394 
0 0 0 0 1127734 irq4 1129843 dispatch 1130016 
3 5 1 5 1130338 irq8 1132464 dispatch 1132638 
1 6 1 6 1132963 irq4 1135085 dispatch 1135259 
5 6 1 6 1135583 irq8 1137707 dispatch 1137880 
4 7 1 7 1138203 irq4 1140328 dispatch 1140501 
2 9 1 9 1140824 irq8 1142950 dispatch 1143124 
3 5 1 5 1143448 irq4 1145571 dispatch 1145746 
1 6 1 6 1146070 irq8 1148193 dispatch 1148365 
5 6 1 6 1148688 irq4 1150814 dispatch 1150988 
4 7 1 7 1151311 irq8 1153435 dispatch 1153609 
0 0 0 0 1153954 irq4 1156057 dispatch 1156230 
3 5 1 5 1156552 irq8 1158678 dispatch 1158852 
0 0 0 0 1159225 irq4 1161300 dispatch 1161473 
1 6 1 6 1161796 irq8 1163921 dispatch 1164095 
5 6 1 6 1164418 irq4 1166543 dispatch 1166717 
4 7 1 7 1167041 irq8 1169164 dispatch 1169338 
3 5 1 5 1169661 irq4 1171786 dispatch 1171959 
2 9 1 9 1172283 irq8 1174407 dispatch 1174581 
0 0 0 0 1174928 irq4 1177028 dispatch 1177203 
1 6 1 6 1177527 irq8 1179650 dispatch 1179822 
5 6 1 6 1180145 irq4 1182271 dispatch 1182445 
3 5 1 5 1182777 irq8 1184893 dispatch 1185066 
4 7 1 7 1185389 irq4 1187514 dispatch 1187689 
2 9 1 9 1188011 irq8 1190136 dispatch 1190310 
0 0 0 0 1190657 irq4 1192757 dispatch 1192931 
1 6 1 6 1193255 irq8 1195378 dispatch 1195553 
3 5 1 5 1195876 irq4 1198000 dispatch 1198174 
5 6 1 6 1198502 irq8 1200621 dispatch 1200795 
0 0 0 0 1201159 irq4 1203243 dispatch 1203415 
4 7 1 7 1203738 irq8 1205864 dispatch 1206038 
0 0 0 0 1206392 irq4 1208486 dispatch 1208658 
3 5 1 5 1208981 irq8 1211107 dispatch 1211282 
1 6 1 6 1211605 irq4 1213729 dispatch 1213902 
5 6 1 6 1214229 irq8 1216350 dispatch 1216524 
2 9 1 9 1216846 irq4 1218971 dispatch 1219145 
0 0 0 0 1219518 irq8 1221593 dispatch 1221768 
3 5 1 5 1222091 irq4 1224214 dispatch 1224388 
1 6 1 6 1224711 irq8 1226836 dispatch 1227010 
5 6 1 6 1227334 irq4 1229457 dispatch 1229629 
4 7 1 7 1229952 irq8 1232079 dispatch 1232252 
2 9 1 9 1232575 irq4 1234700 dispatch 1234873 
3 5 1 5 1235197 irq8 1237322 dispatch 1237495 
0 0 0 0 1237835 irq4 1239943 dispatch 1240117 
1 6 1 6 1240440 irq8 1242564 dispatch 1242738 
5 6 1 6 1243061 irq4 1245186 dispatch 1245358 
4 7 1 7 1245681 irq8 1247807 dispatch 1247982 
3 5 1 5 1248306 irq4 1250429 dispatch 1250602 
0 0 0 0 1250939 irq8 1253050 dispatch 1253225 
0 0 0 0 1253572 irq4 1255672 dispatch 1255846 
1 6 1 6 1256169 irq8 1258293 dispatch 1258467 
5 6 1 6 1258791 irq4 1260914 dispatch 1261088 
3 5 1 5 1261412 irq8 1263536 dispatch 1263710 
4 7 1 7 1264043 irq4 1266157 dispatch 1266332 
2 9 1 9 1266655 irq8 1268779 dispatch 1268954 
0 0 0 0 1269313 irq4 1271400 dispatch 1271574 
1 6 1 6 1271899 irq8 1274022 dispatch 1274196 
3 5 1 5 1274519 irq4 1276643 dispatch 1276818 
5 6 1 6 1277142 irq8 1279265 dispatch 1279439 
4 7 1 7 1279770 irq4 1281886 dispatch 1282060 
2 9 1 9 1282383 irq8 1284507 dispatch 1284682 
0 0 0 0 1285036 irq4 1287129 dispatch 1287303 
3 5 1 5 1287627 irq8 1289750 dispatch 1289925 
1 6 1 6 1290249 irq4 1292372 dispatch 1292546 
5 6 1 6 1292871 irq8 1294993 dispatch 1295168 
4 7 1 7 1295495 irq4 1297615 dispatch 1297789 
0 0 0 0 1298150 irq8 1300236 dispatch 1300411 
3 5 1 5 1300737 irq4 1302858 dispatch 1303032 
1 6 1 6 1303358 irq8 1305479 dispatch 1305655 
5 6 1 6 1305979 irq4 1308100 dispatch 1308276 
2 9 1 9 1308601 irq8 1310722 dispatch 1310895 
0 0 0 0 1311256 irq4 1313343 dispatch 1313518 
3 5 1 5 1313843 irq8 1315965 dispatch 1316140 
4 7 1 7 1316464 irq4 1318586 dispatch 1318761 
1 6 1 6 1319085 irq8 1321208 dispatch 1321382 
5 6 1 6 1321706 irq4 1323829 dispatch 1324005 
0 0 0 0 1324372 irq8 1326451 dispatch 1326626 
3 5 1 5 1326951 irq4 1329072 dispatch 1329247 
2 9 1 9 1329572 irq8 1331693 dispatch 1331868 
4 7 1 7 1332192 irq4 1334315 dispatch 1334490 
1 6 1 6 1334815 irq8 1336936 dispatch 1337112 
5 6 1 6 1337437 irq4 1339558 dispatch 1339733 
3 5 1 5 1340058 irq8 1342179 dispatch 1342355 
0 0 0 0 1342710 irq4 1344801 dispatch 1344974 
0 0 0 0 1345355 irq8 1347422 dispatch 1347598 
0 0 0 0 1347940 irq4 1350043 dispatch 1350219 
1 6 1 6 1350546 irq8 1352665 dispatch 1352840 
3 5 1 5 1353164 irq4 1355286 dispatch 1355462 
5 6 1 6 1355787 irq8 1357908 dispatch 1358083 
4 7 1 7 1358408 irq4 1360529 dispatch 1360704 
2 9 1 9 1361034 irq8 1363151 dispatch 1363327 
0 0 0 0 1363695 irq4 1365772 dispatch 1365947 
3 5 1 5 1366273 irq8 1368394 dispatch 1368569 
1 6 1 6 1368894 irq4 1371015 dispatch 1371191 
5 6 1 6 1371518 irq8 1373636 dispatch 1373812 
4 7 1 7 1374138 irq4 1376258 dispatch 1376432 
2 9 1 9 1376759 irq8 1378879 dispatch 1379056 
3 5 1 5 1379381 irq4 1381501 dispatch 1381677 
1 6 1 6 1382003 irq8 1384122 dispatch 1384298 
5 6 1 6 1384623 irq4 1386744 dispatch 1386919 
4 7 1 7 1387245 irq8 1389365 dispatch 1389541 
0 0 0 0 1389883 irq4 1391986 dispatch 1392164 
3 5 1 5 1392490 irq8 1394608 dispatch 1394784 
0 0 0 0 1395151 irq4 1397229 dispatch 1397405 
1 6 1 6 1397731 irq8 1399851 dispatch 1400027 
5 6 1 6 1400353 irq4 1402472 dispatch 1402648 
2 9 1 9 1402974 irq8 1405094 dispatch 1405270 
3 5 1 5 1405596 irq4 1407715 dispatch 1407892 
4 7 1 7 1408219 irq8 1410337 dispatch 1410512 
0 0 0 0 1410880 irq4 1412958 dispatch 1413135 
1 6 1 6 1413459 irq8 1415579 dispatch 1415756 
5 6 1 6 1416082 irq4 1418201 dispatch 1418377 
3 5 1 5 1418703 irq8 1420822 dispatch 1420998 
2 9 1 9 1421324 irq4 1423444 dispatch 1423619 
4 7 1 7 1423945 irq8 1426065 dispatch 1426241 
0 0 0 0 1426612 irq4 1428687 dispatch 1428863 
1 6 1 6 1429189 irq8 1431308 dispatch 1431485 
3 5 1 5 1431812 irq4 1433930 dispatch 1434105 
5 6 1 6 1434430 irq8 1436551 dispatch 1436727 
0 0 0 0 1437088 irq4 1439172 dispatch 1439349 
0 0 0 0 1439706 irq8 1441794 dispatch 1441968 
4 7 1 7 1442299 irq4 1444415 dispatch 1444591 
3 5 1 5 1444916 irq8 1447037 dispatch 1447213 
1 6 1 6 1447538 irq4 1449658 dispatch 1449833 
5 6 1 6 1450158 irq8 1452280 dispatch 1452456 
2 9 1 9 1452781 irq4 1454901 dispatch 1455077 
0 0 0 0 1455427 irq8 1457522 dispatch 1457699 
3 5 1 5 1458028 irq4 1460144 dispatch 1460320 
1 6 1 6 1460644 irq8 1462765 dispatch 1462942 
5 6 1 6 1463267 irq4 1465387 dispatch 1465563 
4 7 1 7 1465890 irq8 1468008 dispatch 1468184 
2 9 1 9 1468510 irq4 1470630 dispatch 1470806 
3 5 1 5 1471132 irq8 1473251 dispatch 1473428 
0 0 0 0 1473785 irq4 1475873 dispatch 1476048 
1 6 1 6 1476372 irq8 1478494 dispatch 1478670 
5 6 1 6 1478995 irq4 1481115 dispatch 1481292 
4 7 1 7 1481617 irq8 1483737 dispatch 1483914 
3 5 1 5 1484239 irq4 1486358 dispatch 1486534 
0 0 0 0 1486901 irq8 1488980 dispatch 1489155 
0 0 0 0 1489511 irq4 1491601 dispatch 1491777 
1 6 1 6 1492102 irq8 1494223 dispatch 1494400 
5 6 1 6 1494725 irq4 1496844 dispatch 1497020 
3 5 1 5 1497346 irq8 1499466 dispatch 1499642 
4 7 1 7 1499968 irq4 1502087 dispatch 1502263 
2 9 1 9 1502590 irq8 1504708 dispatch 1504885 
0 0 0 0 1505234 irq4 1507330 dispatch 1507505 
1 6 1 6 1507839 irq8 1509951 dispatch 1510129 
3 5 1 5 1510455 irq4 1512573 dispatch 1512750 
5 6 1 6 1513077 irq8 1515194 dispatch 1515372 
4 7 1 7 1515699 irq4 1517816 dispatch 1517992 
2 9 1 9 1518319 irq8 1520437 dispatch 1520614 
0 0 0 0 1520989 irq4 1523058 dispatch 1523236 
3 5 1 5 1523567 irq8 1525680 dispatch 1525857 
1 6 1 6 1526182 irq4 1528301 dispatch 1528479 
5 6 1 6 1528805 irq8 1530923 dispatch 1531100 
0 0 0 0 1531455 irq4 1533544 dispatch 1533721 
4 7 1 7 1534049 irq8 1536166 dispatch 1536340 
3 5 1 5 1536665 irq4 1538787 dispatch 1538963 
1 6 1 6 1539292 hf_selfid() 1539498 irq8 1541409 dispatch 1541584 
5 6 1 6 1541910 hf_selfid() 1542116 irq4 1544030 dispatch 1544206 
2 9 1 9 1544531 irq8 1546651 dispatch 1546828 
0 0 0 0 1547203 irq4 1549273 dispatch 1549449 
3 5 1 5 1549775 irq8 1551894 dispatch 1552071 
4 7 1 7 1552398 hf_selfid() 1552606 irq4 1554516 dispatch 1554693 
1 6 1 6 1555020 irq8 1557137 dispatch 1557313 
5 6 1 6 1557639 irq4 1559759 dispatch 1559936 
0 0 0 0 1560292 irq8 1562380 dispatch 1562556 
3 5 1 5 1562883 hf_selfid() 1563089 irq4 1565002 dispatch 1565177 
2 9 1 9 1565504 irq8 1567623 dispatch 1567800 
0 0 0 0 1568157 irq4 1570244 dispatch 1570421 
1 6 1 6 1570748 irq8 1572866 dispatch 1573041 
5 6 1 6 1573366 irq4 1575487 dispatch 1575664 
3 5 1 5 1575990 irq8 1578109 dispatch 1578285 
4 7 1 7 1578610 irq4 1580730 dispatch 1580907 
0 0 0 0 1581249 irq8 1583352 dispatch 1583529 
0 0 0 0 1583891 irq4 1585973 dispatch 1586150 
1 6 1 6 1586477 irq8 1588594 dispatch 1588771 
3 5 1 5 1589106 irq4 1591216 dispatch 1591392 
5 6 1 6 1591718 irq8 1593837 dispatch 1594014 
4 7 1 7 1594340 irq4 1596459 dispatch 1596636 
2 9 1 9 1596963 hf_selfid() 1597171 irq8 1599080 dispatch 1599257 
0 0 0 0 1599614 irq4 1601702 dispatch 1601877 
3 5 1 5 1602201 irq8 1604323 dispatch 1604499 
1 6 1 6 1604829 irq4 1606945 dispatch 1607120 
5 6 1 6 1607445 irq8 1609566 dispatch 1609743 
4 7 1 7 1610067 irq4 1612187 dispatch 1612365 
2 9 1 9 1612692 irq8 1614809 dispatch 1614986 
3 5 1 5 1615313 irq4 1617430 dispatch 1617608 
1 6 1 6 1617935 irq8 1620052 dispatch 1620228 
5 6 1 6 1620558 irq4 1622673 dispatch 1622850 
0 0 0 0 1623213 irq8 1625295 dispatch 1625473 
4 7 1 7 1625800 irq4 1627916 dispatch 1628094 
3 5 1 5 1628422 irq8 1630538 dispatch 1630715 
0 0 0 0 1631061 irq4 1633159 dispatch 1633337 
1 6 1 6 1633664 irq8 1635780 dispatch 1635959 
5 6 1 6 1636288 irq4 1638402 dispatch 1638575 
2 9 1 9 1638901 irq8 1641023 dispatch 1641200 
3 5 1 5 1641527 irq4 1643645 dispatch 1643822 
4 7 1 7 1644149 irq8 1646266 dispatch 1646444 
0 0 0 0 1646794 irq4 1648888 dispatch 1649064 
1 6 1 6 1649391 irq8 1651509 dispatch 1651687 
5 6 1 6 1652014 irq4 1654130 dispatch 1654308 
3 5 1 5 1654636 irq8 1656752 dispatch 1656930 
2 9 1 9 1657257 irq4 1659373 dispatch 1659551 
0 0 0 0 1659909 irq8 1661995 dispatch 1662173 
4 7 1 7 1662502 irq4 1664616 dispatch 1664793 
1 6 1 6 1665120 irq8 1667238 dispatch 1667415 
3 5 1 5 1667742 irq4 1669859 dispatch 1670037 
5 6 1 6 1670373 irq8 1672481 dispatch 1672658 
0 0 0 0 1673026 irq4 1675102 dispatch 1675281 
0 0 0 0 1675643 irq8 1677723 dispatch 1677902 
0 0 0 0 1678280 irq4 1680345 dispatch 1680522 
3 5 1 5 1680849 irq8 1682966 dispatch 1683144 
1 6 1 6 1683473 irq4 1685588 dispatch 1685766 
5 6 1 6 1686099 irq8 1688209 dispatch 1688387 
4 7 1 7 1688714 irq4 1690831 dispatch 1691009 
2 9 1 9 1691336 irq8 1693452 dispatch 1693630 
3 5 1 5 1693958 irq4 1696074 dispatch 1696250 
1 6 1 6 1696578 irq8 1698695 dispatch 1698873 
5 6 1 6 1699202 irq4 1701316 dispatch 1701495 
4 7 1 7 1701827 irq8 1703938 dispatch 1704115 
2 9 1 9 1704442 irq4 1706559 dispatch 1706738 
3 5 1 5 1707065 irq8 1709181 dispatch 1709359 
0 0 0 0 1709724 irq4 1711802 dispatch 1711981 
1 6 1 6 1712310 irq8 1714424 dispatch 1714602 
5 6 1 6 1714930 irq4 1717045 dispatch 1717223 
4 7 1 7 1717552 irq8 1719666 dispatch 1719846 
3 5 1 5 1720175 irq4 1722288 dispatch 1722465 
0 0 0 0 1722806 irq8 1724909 dispatch 1725088 
0 0 0 0 1725433 irq4 1727531 dispatch 1727710 
1 6 1 6 1728039 irq8 1730152 dispatch 1730331 
5 6 1 6 1730660 irq4 1732774 dispatch 1732952 
3 5 1 5 1733280 irq8 1735395 dispatch 1735574 
4 7 1 7 1735903 irq4 1738017 dispatch 1738195 
2 9 1 9 1738523 irq8 1740638 dispatch 1740818 
0 0 0 0 1741167 irq4 1743259 dispatch 1743438 
1 6 1 6 1743767 irq8 1745881 dispatch 1746060 
3 5 1 5 1746387 irq4 1748502 dispatch 1748680 
5 6 1 6 1749008 irq8 1751124 dispatch 1751302 
2 9 1 9 1751639 irq4 1753745 dispatch 1753923 
4 7 1 7 1754251 irq8 1756367 dispatch 1756546 
0 0 0 0 1756903 irq4 1758988 dispatch 1759167 
3 5 1 5 1759497 irq8 1761610 dispatch 1761787 
1 6 1 6 1762115 irq4 1764231 dispatch 1764409 
5 6 1 6 1764737 irq8 1766852 dispatch 1767030 
0 0 0 0 1767402 irq4 1769474 dispatch 1769651 
0 0 0 0 1770008 irq8 1772095 dispatch 1772274 
3 5 1 5 1772602 irq4 1774717 dispatch 1774896 
1 6 1 6 1775224 irq8 1777338 dispatch 1777517 
5 6 1 6 1777846 irq4 1779960 dispatch 1780138 
4 7 1 7 1780467 irq8 1782581 dispatch 1782760 
2 9 1 9 1783091 irq4 1785202 dispatch 1785381 
3 5 1 5 1785711 irq8 1787824 dispatch 1788003 
0 0 0 0 1788368 irq4 1790445 dispatch 1790625 
1 6 1 6 1790954 irq8 1793067 dispatch 1793245 
5 6 1 6 1793574 irq4 1795688 dispatch 1795866 
4 7 1 7 1796195 irq8 1798310 dispatch 1798489 
3 5 1 5 1798817 irq4 1800931 dispatch 1801110 
2 9 1 9 1801439 irq8 1803553 dispatch 1803730 
0 0 0 0 1804107 irq4 1806174 dispatch 1806352 
1 6 1 6 1806680 irq8 1808795 dispatch 1808974 
5 6 1 6 1809302 irq4 1811417 dispatch 1811595 
3 5 1 5 1811924 irq8 1814038 dispatch 1814217 
4 7 1 7 1814546 irq4 1816660 dispatch 1816838 
0 0 0 0 1817189 irq8 1819281 dispatch 1819459 
0 0 0 0 1819837 irq4 1821903 dispatch 1822082 
1 6 1 6 1822411 irq8 1824524 dispatch 1824702 
3 5 1 5 1825032 irq4 1827146 dispatch 1827325 
5 6 1 6 1827654 irq8 1829767 dispatch 1829946 
4 7 1 7 1830276 irq4 1832388 dispatch 1832567 
2 9 1 9 1832905 irq8 1835010 dispatch 1835188 
0 0 0 0 1835558 irq4 1837631 dispatch 1837810 
3 5 1 5 1838139 irq8 1840253 dispatch 1840431 
1 6 1 6 1840759 irq4 1842874 dispatch 1843054 
5 6 1 6 1843383 irq8 1845496 dispatch 1845674 
4 7 1 7 1846001 irq4 1848117 dispatch 1848295 
2 9 1 9 1848629 irq8 1850738 dispatch 1850917 
3 5 1 5 1851246 irq4 1853360 dispatch 1853539 
1 6 1 6 1853866 irq8 1855981 dispatch 1856161 
5 6 1 6 1856488 irq4 1858603 dispatch 1858781 
0 0 0 0 1859147 irq8 1861224 dispatch 1861402 
0 0 0 0 1861761 irq4 1863846 dispatch 1864024 
3 5 1 5 1864354 irq8 1866467 dispatch 1866646 
4 7 1 7 1866975 irq4 1869089 dispatch 1869266 
1 6 1 6 1869593 irq8 1871710 dispatch 1871890 
5 6 1 6 1872217 irq4 1874331 dispatch 1874510 
2 9 1 9 1874840 irq8 1876953 dispatch 1877132 
3 5 1 5 1877460 irq4 1879574 dispatch 1879754 
0 0 0 0 1880113 irq8 1882196 dispatch 1882375 
4 7 1 7 1882704 irq4 1884817 dispatch 1884995 
1 6 1 6 1885323 irq8 1887439 dispatch 1887618 
5 6 1 6 1887947 irq4 1890060 dispatch 1890239 
3 5 1 5 1890568 irq8 1892682 dispatch 1892860 
2 9 1 9 1893189 irq4 1895303 dispatch 1895482 
0 0 0 0 1895853 irq8 1897924 dispatch 1898103 
0 0 0 0 1898457 irq4 1900546 dispatch 1900724 
1 6 1 6 1901053 irq8 1903167 dispatch 1903347 
3 5 1 5 1903677 irq4 1905789 dispatch 1905968 
5 6 1 6 1906296 irq8 1908410 dispatch 1908590 
4 7 1 7 1908919 irq4 1911032 dispatch 1911212 
0 0 0 0 1911565 irq8 1913653 dispatch 1913832 
0 0 0 0 1914220 irq4 1916274 dispatch 1916454 
3 5 1 5 1916784 irq8 1918896 dispatch 1919076 
1 6 1 6 1919405 irq4 1921517 dispatch 1921696 
5 6 1 6 1922023 irq8 1924139 dispatch 1924318 
4 7 1 7 1924647 irq4 1926760 dispatch 1926938 
2 9 1 9 1927267 irq8 1929382 dispatch 1929560 
3 5 1 5 1929895 irq4 1932003 dispatch 1932182 
1 6 1 6 1932511 irq8 1934625 dispatch 1934803 
5 6 1 6 1935131 irq4 1937246 dispatch 1937425 
4 7 1 7 1937753 irq8 1939867 dispatch 1940047 
2 9 1 9 1940375 irq4 1942489 dispatch 1942668 
3 5 1 5 1942997 irq8 1945110 dispatch 1945290 
0 0 0 0 1945666 irq4 1947732 dispatch 1947910 
1 6 1 6 1948239 irq8 1950353 dispatch 1950533 
5 6 1 6 1950862 irq4 1952975 dispatch 1953154 
0 0 0 0 1953506 irq8 1955596 dispatch 1955776 
3 5 1 5 1956105 irq4 1958218 dispatch 1958397 
4 7 1 7 1958727 irq8 1960839 dispatch 1961018 
0 0 0 0 1961385 irq4 1963460 dispatch 1963640 
1 6 1 6 1963970 irq8 1966082 dispatch 1966258 
5 6 1 6 1966585 irq4 1968703 dispatch 1968881 
3 5 1 5 1969208 irq8 1971325 dispatch 1971503 
2 9 1 9 1971831 irq4 1973946 dispatch 1974125 
4 7 1 7 1974453 irq8 1976568 dispatch 1976746 
0 0 0 0 1977117 irq4 1979189 dispatch 1979368 
1 6 1 6 1979697 irq8 1981810 dispatch 1981990 
3 5 1 5 1982319 irq4 1984432 dispatch 1984610 
5 6 1 6 1984937 irq8 1987053 dispatch 1987232 
2 9 1 9 1987559 irq4 1989675 dispatch 1989854 
0 0 0 0 1990199 irq8 1992296 dispatch 1992475 
4 7 1 7 1992805 irq4 1994918 dispatch 1995097 
3 5 1 5 1995434 irq8 1997539 dispatch 1997718 
1 6 1 6 1998047 irq4 2000161 dispatch 2000338 
5 6 1 6 2000665 irq8 2002782 dispatch 2002961 
0 0 0 0 2003338 irq4 2005403 dispatch 2005582 
0 0 0 0 2005935 irq8 2008025 dispatch 2008203 
3 5 1 5 2008532 irq4 2010646 dispatch 2010825 
1 6 1 6 2011160 irq8 2013268 dispatch 2013447 
5 6 1 6 2013775 irq4 2015889 dispatch 2016068 
4 7 1 7 2016396 irq8 2018511 dispatch 2018690 
2 9 1 9 2019019 irq4 2021132 dispatch 2021311 
3 5 1 5 2021641 irq8 2023754 dispatch 2023933 
0 0 0 0 2024297 irq4 2026375 dispatch 2026554 
1 6 1 6 2026887 irq8 2028996 dispatch 2029175 
5 6 1 6 2029505 irq4 2031618 dispatch 2031796 
4 7 1 7 2032126 irq8 2034239 dispatch 2034419 
3 5 1 5 2034748 irq4 2036861 dispatch 2037040 
2 9 1 9 2037369 irq8 2039482 dispatch 2039662 
0 0 0 0 2040022 irq4 2042104 dispatch 2042283 
1 6 1 6 2042612 hf_selfid() 2042822 irq8 2044725 dispatch 2044905 
5 6 1 6 2045235 hf_selfid() 2045445 irq4 2047346 dispatch 2047527 
3 5 1 5 2047858 irq8 2049968 dispatch 2050146 
4 7 1 7 2050474 irq4 2052589 dispatch 2052768 
0 0 0 0 2053114 irq8 2055211 dispatch 2055390 
0 0 0 0 2055761 irq4 2057832 dispatch 2058012 
1 6 1 6 2058341 irq8 2060454 dispatch 2060633 
3 5 1 5 2060963 irq4 2063075 dispatch 2063255 
5 6 1 6 2063586 irq8 2065697 dispatch 2065876 
4 7 1 7 2066205 hf_selfid() 2066414 irq4 2068318 dispatch 2068498 
2 9 1 9 2068826 irq8 2070939 dispatch 2071120 
0 0 0 0 2071486 irq4 2073561 dispatch 2073742 
3 5 1 5 2074071 hf_selfid() 2074281 irq8 2076182 dispatch 2076362 
1 6 1 6 2076700 irq4 2078804 dispatch 2078983 
5 6 1 6 2079313 irq8 2081425 dispatch 2081604 
2 9 1 9 2081933 irq4 2084047 dispatch 2084226 
4 7 1 7 2084555 irq8 2086668 dispatch 2086847 
3 5 1 5 2087178 irq4 2089290 dispatch 2089468 
1 6 1 6 2089798 irq8 2091911 dispatch 2092091 
5 6 1 6 2092427 irq4 2094532 dispatch 2094712 
0 0 0 0 2095086 irq8 2097154 dispatch 2097332 
0 0 0 0 2097695 irq4 2099775 dispatch 2099954 
3 5 1 5 2100282 irq8 2102397 dispatch 2102578 
4 7 1 7 2102907 irq4 2105018 dispatch 2105199 
1 6 1 6 2105529 irq8 2107640 dispatch 2107820 
5 6 1 6 2108153 irq4 2110261 dispatch 2110442 
2 9 1 9 2110771 hf_selfid() 2110984 irq8 2112882 dispatch 2113062 
3 5 1 5 2113392 irq4 2115504 dispatch 2115684 
0 0 0 0 2116036 irq8 2118125 dispatch 2118306 
0 0 0 0 2118665 irq4 2120747 dispatch 2120927 
1 6 1 6 2121258 irq8 2123368 dispatch 2123549 
5 6 1 6 2123880 irq4 2125990 dispatch 2126170 
3 5 1 5 2126500 irq8 2128611 dispatch 2128792 
4 7 1 7 2129123 irq4 2131233 dispatch 2131412 
2 9 1 9 2131740 irq8 2133854 dispatch 2134035 
0 0 0 0 2134382 irq4 2136475 dispatch 2136656 
1 6 1 6 2136986 irq8 2139097 dispatch 2139278 
3 5 1 5 2139608 irq4 2141718 dispatch 2141899 
5 6 1 6 2142230 irq8 2144340 dispatch 2144520 
4 7 1 7 2144849 irq4 2146961 dispatch 2147141 
0 0 0 0 2147508 irq8 2149583 dispatch 2149765 
0 0 0 0 2150132 irq4 2152204 dispatch 2152384 
3 5 1 5 2152714 irq8 2154826 dispatch 2155006 
1 6 1 6 2155337 irq4 2157447 dispatch 2157628 
5 6 1 6 2157967 irq8 2160068 dispatch 2160249 
4 7 1 7 2160579 irq4 2162690 dispatch 2162869 
2 9 1 9 2163199 irq8 2165311 dispatch 2165492 
3 5 1 5 2165823 irq4 2167933 dispatch 2168114 
1 6 1 6 2168444 irq8 2170554 dispatch 2170736 
5 6 1 6 2171066 irq4 2173176 dispatch 2173357 
0 0 0 0 2173715 irq8 2175797 dispatch 2175979 
4 7 1 7 2176311 irq4 2178418 dispatch 2178599 
3 5 1 5 2178929 irq8 2181040 dispatch 2181221 
2 9 1 9 2181550 irq4 2183661 dispatch 2183843 
1 6 1 6 2184172 irq8 2186283 dispatch 2186463 
5 6 1 6 2186794 irq4 2188904 dispatch 2189084 
0 0 0 0 2189448 irq8 2191526 dispatch 2191706 
3 5 1 5 2192037 irq4 2194147 dispatch 2194328 
4 7 1 7 2194659 irq8 2196769 dispatch 2196949 
0 0 0 0 2197322 irq4 2199390 dispatch 2199572 
1 6 1 6 2199902 irq8 2202011 dispatch 2202192 
5 6 1 6 2202522 irq4 2204633 dispatch 2204814 
3 5 1 5 2205144 irq8 2207254 dispatch 2207436 
2 9 1 9 2207768 irq4 2209876 dispatch 2210057 
0 0 0 0 2210412 irq8 2212497 dispatch 2212677 
4 7 1 7 2213008 irq4 2215119 dispatch 2215300 
1 6 1 6 2215631 irq8 2217740 dispatch 2217921 
3 5 1 5 2218251 irq4 2220362 dispatch 2220543 
5 6 1 6 2220875 irq8 2222983 dispatch 2223165 
2 9 1 9 2223496 irq4 2225604 dispatch 2225785 
0 0 0 0 2226153 irq8 2228226 dispatch 2228406 
0 0 0 0 2228785 irq4 2230847 dispatch 2231029 
3 5 1 5 2231360 irq8 2233469 dispatch 2233650 
1 6 1 6 2233980 irq4 2236090 dispatch 2236272 
5 6 1 6 2236602 irq8 2238712 dispatch 2238894 
4 7 1 7 2239233 irq4 2241333 dispatch 2241514 
0 0 0 0 2241893 irq8 2243955 dispatch 2244136 
3 5 1 5 2244467 irq4 2246576 dispatch 2246756 
1 6 1 6 2247086 irq8 2249197 dispatch 2249379 
5 6 1 6 2249710 irq4 2251819 dispatch 2252001 
4 7 1 7 2252332 irq8 2254440 dispatch 2254620 
2 9 1 9 2254957 irq4 2257062 dispatch 2257242 
3 5 1 5 2257572 irq8 2259683 dispatch 2259864 
0 0 0 0 2260212 irq4 2262305 dispatch 2262486 
1 6 1 6 2262815 irq8 2264926 dispatch 2265107 
5 6 1 6 2265438 irq4 2267547 dispatch 2267729 
4 7 1 7 2268059 irq8 2270169 dispatch 2270350 
3 5 1 5 2270684 irq4 2272790 dispatch 2272972 
2 9 1 9 2273303 irq8 2275412 dispatch 2275593 
0 0 0 0 2275940 irq4 2278033 dispatch 2278215 
1 6 1 6 2278546 irq8 2280655 dispatch 2280836 
5 6 1 6 2281167 irq4 2283276 dispatch 2283458 
3 5 1 5 2283789 irq8 2285898 dispatch 2286079 
4 7 1 7 2286411 irq4 2288519 dispatch 2288701 
0 0 0 0 2289061 irq8 2291140 dispatch 2291323 
0 0 0 0 2291691 irq4 2293762 dispatch 2293941 
1 6 1 6 2294271 irq8 2296383 dispatch 2296564 
3 5 1 5 2296895 irq4 2299005 dispatch 2299186 
5 6 1 6 2299517 irq8 2301626 dispatch 2301808 
2 9 1 9 2302138 irq4 2304248 dispatch 2304427 
4 7 1 7 2304756 irq8 2306869 dispatch 2307050 
0 0 0 0 2307423 irq4 2309490 dispatch 2309671 
3 5 1 5 2310003 irq8 2312112 dispatch 2312293 
1 6 1 6 2312623 irq4 2314733 dispatch 2314914 
5 6 1 6 2315245 irq8 2317355 dispatch 2317536 
2 9 1 9 2317867 irq4 2319976 dispatch 2320158 
0 0 0 0 2320534 irq8 2322598 dispatch 2322779 
3 5 1 5 2323110 irq4 2325219 dispatch 2325400 
1 6 1 6 2325731 irq8 2327841 dispatch 2328022 
5 6 1 6 2328351 irq4 2330462 dispatch 2330643 
4 7 1 7 2330973 irq8 2333083 dispatch 2333265 
0 0 0 0 2333644 irq4 2335705 dispatch 2335886 
3 5 1 5 2336223 irq8 2338326 dispatch 2338508 
0 0 0 0 2338865 irq4 2340948 dispatch 2341129 
1 6 1 6 2341460 irq8 2343569 dispatch 2343751 
5 6 1 6 2344082 irq4 2346191 dispatch 2346373 
4 7 1 7 2346704 irq8 2348812 dispatch 2348993 
3 5 1 5 2349324 irq4 2351434 dispatch 2351615 
2 9 1 9 2351951 irq8 2354055 dispatch 2354237 
0 0 0 0 2354600 irq4 2356676 dispatch 2356858 
1 6 1 6 2357189 irq8 2359298 dispatch 2359478 
5 6 1 6 2359809 irq4 2361919 dispatch 2362101 
3 5 1 5 2362431 irq8 2364541 dispatch 2364722 
4 7 1 7 2365053 irq4 2367162 dispatch 2367344 
2 9 1 9 2367675 irq8 2369784 dispatch 2369965 
0 0 0 0 2370337 irq4 2372405 dispatch 2372586 
1 6 1 6 2372918 irq8 2375027 dispatch 2375209 
3 5 1 5 2375541 irq4 2377648 dispatch 2377828 
5 6 1 6 2378158 irq8 2380269 dispatch 2380451 
4 7 1 7 2380782 irq4 2382891 dispatch 2383072 
0 0 0 0 2383419 irq8 2385512 dispatch 2385694 
0 0 0 0 2386075 irq4 2388134 dispatch 2388315 
3 5 1 5 2388646 irq8 2390755 dispatch 2390938 
1 6 1 6 2391270 irq4 2393377 dispatch 2393558 
5 6 1 6 2393891 irq8 2395998 dispatch 2396181 
4 7 1 7 2396511 irq4 2398619 dispatch 2398802 
2 9 1 9 2399132 irq8 2401241 dispatch 2401422 
3 5 1 5 2401761 irq4 2403862 dispatch 2404043 
1 6 1 6 2404374 irq8 2406484 dispatch 2406664 
5 6 1 6 2406993 irq4 2409105 dispatch 2409286 
0 0 0 0 2409658 irq8 2411727 dispatch 2411908 
2 9 1 9 2412239 irq4 2414348 dispatch 2414530 
3 5 1 5 2414861 irq8 2416970 dispatch 2417150 
4 7 1 7 2417487 irq4 2419591 dispatch 2419772 
1 6 1 6 2420103 irq8 2422212 dispatch 2422394 
5 6 1 6 2422727 irq4 2424834 dispatch 2425014 
0 0 0 0 2425387 irq8 2427455 dispatch 2427637 
3 5 1 5 2427968 irq4 2430077 dispatch 2430259 
0 0 0 0 2430609 irq8 2432698 dispatch 2432879 
4 7 1 7 2433213 irq4 2435320 dispatch 2435501 
1 6 1 6 2435832 irq8 2437941 dispatch 2438123 
5 6 1 6 2438454 irq4 2440562 dispatch 2440744 
3 5 1 5 2441075 irq8 2443184 dispatch 2443366 
2 9 1 9 2443696 irq4 2445805 dispatch 2445987 
0 0 0 0 2446342 irq8 2448427 dispatch 2448608 
0 0 0 0 2448989 irq4 2451048 dispatch 2451230 
1 6 1 6 2451562 irq8 2453670 dispatch 2453852 
3 5 1 5 2454183 irq4 2456291 dispatch 2456474 
5 6 1 6 2456806 irq8 2458913 dispatch 2459093 
4 7 1 7 2459423 irq4 2461534 dispatch 2461715 
2 9 1 9 2462045 irq8 2464155 dispatch 2464336 
0 0 0 0 2464703 irq4 2466777 dispatch 2466958 
3 5 1 5 2467289 irq8 2469398 dispatch 2469580 
1 6 1 6 2469912 irq4 2472020 dispatch 2472200 
5 6 1 6 2472531 irq8 2474641 dispatch 2474822 
4 7 1 7 2475153 irq4 2477263 dispatch 2477444 
0 0 0 0 2477805 irq8 2479884 dispatch 2480066 
3 5 1 5 2480397 irq4 2482506 dispatch 2482687 
1 6 1 6 2483027 irq8 2485127 dispatch 2485308 
5 6 1 6 2485640 irq4 2487748 dispatch 2487930 
4 7 1 7 2488262 irq8 2490370 dispatch 2490550 
2 9 1 9 2490881 irq4 2492991 dispatch 2493173 
3 5 1 5 2493504 irq8 2495613 dispatch 2495795 
0 0 0 0 2496163 irq4 2498234 dispatch 2498416 
1 6 1 6 2498752 irq8 2500856 dispatch 2501037 
5 6 1 6 2501367 irq4 2503477 dispatch 2503659 
0 0 0 0 2504039 irq8 2506098 dispatch 2506280 
3 5 1 5 2506611 irq4 2508720 dispatch 2508902 
4 7 1 7 2509231 irq8 2511341 dispatch 2511524 
2 9 1 9 2511855 irq4 2513963 dispatch 2514144 
1 6 1 6 2514478 irq8 2516584 dispatch 2516766 
5 6 1 6 2517098 irq4 2519206 dispatch 2519387 
3 5 1 5 2519718 irq8 2521827 dispatch 2522009 
0 0 0 0 2522356 irq4 2524449 dispatch 2524630 
4 7 1 7 2524961 irq8 2527070 dispatch 2527253 
0 0 0 0 2527606 irq4 2529691 dispatch 2529873 
1 6 1 6 2530204 irq8 2532313 dispatch 2532495 
3 5 1 5 2532827 irq4 2534934 dispatch 2535116 
5 6 1 6 2535448 irq8 2537556 dispatch 2537738 
2 9 1 9 2538070 irq4 2540177 dispatch 2540358 
0 0 0 0 2540733 irq8 2542799 dispatch 2542981 
4 7 1 7 2543313 irq4 2545420 dispatch 2545602 
3 5 1 5 2545933 irq8 2548042 dispatch 2548223 
1 6 1 6 2548555 hf_selfid() 2548768 irq4 2550663 dispatch 2550845 
5 6 1 6 2551177 hf_selfid() 2551391 irq8 2553284 dispatch 2553467 
2 9 1 9 2553800 irq4 2555906 dispatch 2556088 
0 0 0 0 2556447 irq8 2558527 dispatch 2558710 
3 5 1 5 2559044 irq4 2561149 dispatch 2561330 
1 6 1 6 2561661 irq8 2563770 dispatch 2563952 
5 6 1 6 2564291 irq4 2566392 dispatch 2566574 
4 7 1 7 2566904 hf_selfid() 2567118 irq8 2569013 dispatch 2569195 
0 0 0 0 2569575 irq4 2571634 dispatch 2571817 
3 5 1 5 2572149 irq8 2574256 dispatch 2574438 
0 0 0 0 2574798 irq4 2576877 dispatch 2577059 
1 6 1 6 2577392 irq8 2579499 dispatch 2579681 
5 6 1 6 2580019 irq4 2582120 dispatch 2582302 
4 7 1 7 2582635 irq8 2584742 dispatch 2584924 
3 5 1 5 2585256 hf_selfid() 2585469 irq4 2587363 dispatch 2587545 
2 9 1 9 2587877 irq8 2589985 dispatch 2590167 
0 0 0 0 2590523 irq4 2592606 dispatch 2592788 
1 6 1 6 2593119 irq8 2595227 dispatch 2595410 
5 6 1 6 2595745 irq4 2597849 dispatch 2598031 
3 5 1 5 2598364 irq8 2600470 dispatch 2600653 
4 7 1 7 2600985 irq4 2603092 dispatch 2603274 
2 9 1 9 2603607 irq8 2605713 dispatch 2605896 
0 0 0 0 2606258 irq4 2608335 dispatch 2608517 
1 6 1 6 2608850 irq8 2610956 dispatch 2611140 
3 5 1 5 2611474 irq4 2613578 dispatch 2613760 
5 6 1 6 2614092 irq8 2616199 dispatch 2616382 
4 7 1 7 2616715 irq4 2618820 dispatch 2619003 
0 0 0 0 2619353 irq8 2621442 dispatch 2621623 
0 0 0 0 2621996 irq4 2624063 dispatch 2624245 
3 5 1 5 2624575 irq8 2626685 dispatch 2626867 
1 6 1 6 2627199 irq4 2629306 dispatch 2629489 
5 6 1 6 2629820 irq8 2631928 dispatch 2632110 
2 9 1 9 2632442 hf_selfid() 2632657 irq4 2634549 dispatch 2634732 
4 7 1 7 2635064 irq8 2637170 dispatch 2637353 
3 5 1 5 2637687 irq4 2639792 dispatch 2639975 
1 6 1 6 2640308 irq8 2642413 dispatch 2642596 
5 6 1 6 2642927 irq4 2645035 dispatch 2645217 
0 0 0 0 2645576 irq8 2647656 dispatch 2647839 
2 9 1 9 2648173 irq4 2650278 dispatch 2650460 
3 5 1 5 2650792 irq8 2652899 dispatch 2653082 
4 7 1 7 2653415 irq4 2655521 dispatch 2655703 
1 6 1 6 2656036 irq8 2658142 dispatch 2658326 
5 6 1 6 2658657 irq4 2660763 dispatch 2660947 
0 0 0 0 2661329 irq8 2663385 dispatch 2663567 
3 5 1 5 2663899 irq4 2666006 dispatch 2666188 
0 0 0 0 2666569 irq8 2668628 dispatch 2668811 
0 0 0 0 2669164 irq4 2671249 dispatch 2671432 
1 6 1 6 2671765 irq8 2673871 dispatch 2674054 
5 6 1 6 2674387 irq4 2676492 dispatch 2676674 
3 5 1 5 2677010 irq8 2679114 dispatch 2679297 
4 7 1 7 2679629 irq4 2681735 dispatch 2681918 
2 9 1 9 2682251 irq8 2684356 dispatch 2684540 
0 0 0 0 2684904 irq4 2686978 dispatch 2687160 
1 6 1 6 2687493 irq8 2689599 dispatch 2689782 
3 5 1 5 2690115 irq4 2692221 dispatch 2692404 
5 6 1 6 2692736 irq8 2694842 dispatch 2695025 
4 7 1 7 2695358 irq4 2697464 dispatch 2697647 
2 9 1 9 2697979 irq8 2700085 dispatch 2700269 
0 0 0 0 2700638 irq4 2702707 dispatch 2702891 
3 5 1 5 2703224 irq8 2705328 dispatch 2705511 
1 6 1 6 2705844 irq4 2707949 dispatch 2708133 
5 6 1 6 2708466 irq8 2710571 dispatch 2710754 
4 7 1 7 2711088 irq4 2713192 dispatch 2713376 
0 0 0 0 2713758 irq8 2715814 dispatch 2715997 
3 5 1 5 2716331 irq4 2718435 dispatch 2718619 
1 6 1 6 2718953 irq8 2721057 dispatch 2721239 
5 6 1 6 2721572 irq4 2723678 dispatch 2723862 
2 9 1 9 2724193 irq8 2726299 dispatch 2726483 
4 7 1 7 2726824 irq4 2728921 dispatch 2729104 
3 5 1 5 2729436 irq8 2731542 dispatch 2731726 
0 0 0 0 2732075 irq4 2734164 dispatch 2734347 
1 6 1 6 2734680 irq8 2736785 dispatch 2736968 
5 6 1 6 2737301 irq4 2739407 dispatch 2739590 
0 0 0 0 2739947 irq8 2742028 dispatch 2742212 
3 5 1 5 2742552 irq4 2744650 dispatch 2744832 
4 7 1 7 2745164 irq8 2747271 dispatch 2747455 
2 9 1 9 2747789 irq4 2749892 dispatch 2750076 
1 6 1 6 2750411 irq8 2752514 dispatch 2752696 
5 6 1 6 2753028 irq4 2755135 dispatch 2755319 
3 5 1 5 2755652 irq8 2757757 dispatch 2757941 
0 0 0 0 2758326 irq4 2760378 dispatch 2760562 
0 0 0 0 2760930 irq8 2763000 dispatch 2763184 
4 7 1 7 2763518 irq4 2765621 dispatch 2765804 
1 6 1 6 2766136 irq8 2768242 dispatch 2768426 
3 5 1 5 2768759 irq4 2770864 dispatch 2771047 
5 6 1 6 2771380 irq8 2773485 dispatch 2773669 
2 9 1 9 2774003 irq4 2776107 dispatch 2776290 
0 0 0 0 2776670 irq8 2778728 dispatch 2778912 
0 0 0 0 2779295 irq4 2781350 dispatch 2781534 
3 5 1 5 2781867 irq8 2783971 dispatch 2784157 
1 6 1 6 2784491 irq4 2786593 dispatch 2786775 
5 6 1 6 2787108 irq8 2789214 dispatch 2789398 
4 7 1 7 2789731 irq4 2791835 dispatch 2792019 
2 9 1 9 2792352 irq8 2794457 dispatch 2794641 
3 5 1 5 2794974 irq4 2797078 dispatch 2797262 
1 6 1 6 2797596 irq8 2799700 dispatch 2799884 
5 6 1 6 2800218 irq4 2802321 dispatch 2802504 
4 7 1 7 2802838 irq8 2804943 dispatch 2805127 
0 0 0 0 2805477 irq4 2807564 dispatch 2807748 
3 5 1 5 2808090 irq8 2810186 dispatch 2810369 
0 0 0 0 2810739 irq4 2812807 dispatch 2812990 
1 6 1 6 2813325 irq8 2815428 dispatch 2815613 
5 6 1 6 2815949 irq4 2818050 dispatch 2818232 
4 7 1 7 2818564 irq8 2820671 dispatch 2820855 
3 5 1 5 2821188 irq4 2823293 dispatch 2823476 
2 9 1 9 2823815 irq8 2825914 dispatch 2826099 
0 0 0 0 2826456 irq4 2828536 dispatch 2828719 
1 6 1 6 2829053 irq8 2831157 dispatch 2831342 
5 6 1 6 2831676 irq4 2833778 dispatch 2833962 
3 5 1 5 2834296 irq8 2836400 dispatch 2836584 
4 7 1 7 2836916 irq4 2839021 dispatch 2839206 
2 9 1 9 2839542 irq8 2841643 dispatch 2841826 
0 0 0 0 2842175 irq4 2844264 dispatch 2844448 
1 6 1 6 2844781 irq8 2846886 dispatch 2847069 
3 5 1 5 2847402 irq4 2849507 dispatch 2849691 
5 6 1 6 2850024 irq8 2852129 dispatch 2852312 
0 0 0 0 2852681 irq4 2854750 dispatch 2854934 
4 7 1 7 2855267 irq8 2857371 dispatch 2857556 
0 0 0 0 2857932 irq4 2859993 dispatch 2860178 
3 5 1 5 2860511 irq8 2862614 dispatch 2862799 
1 6 1 6 2863134 irq4 2865236 dispatch 2865420 
5 6 1 6 2865755 irq8 2867857 dispatch 2868040 
2 9 1 9 2868372 irq4 2870479 dispatch 2870662 
0 0 0 0 2871038 irq8 2873100 dispatch 2873284 
3 5 1 5 2873618 irq4 2875722 dispatch 2875905 
1 6 1 6 2876239 irq8 2878343 dispatch 2878528 
5 6 1 6 2878861 irq4 2880964 dispatch 2881147 
4 7 1 7 2881480 irq8 2883586 dispatch 2883768 
2 9 1 9 2884099 irq4 2886207 dispatch 2886391 
3 5 1 5 2886724 irq8 2888829 dispatch 2889011 
0 0 0 0 2889367 irq4 2891450 dispatch 2891634 
1 6 1 6 2891967 irq8 2894072 dispatch 2894255 
5 6 1 6 2894588 irq4 2896693 dispatch 2896876 
4 7 1 7 2897209 irq8 2899314 dispatch 2899498 
3 5 1 5 2899831 irq4 2901936 dispatch 2902119 
0 0 0 0 2902470 irq8 2904557 dispatch 2904742 
0 0 0 0 2905124 irq4 2907179 dispatch 2907363 
1 6 1 6 2907697 irq8 2909800 dispatch 2909984 
5 6 1 6 2910317 irq4 2912422 dispatch 2912605 
3 5 1 5 2912938 irq8 2915043 dispatch 2915227 
4 7 1 7 2915561 irq4 2917665 dispatch 2917848 
2 9 1 9 2918181 irq8 2920286 dispatch 2920470 
0 0 0 0 2920841 irq4 2922907 dispatch 2923091 
1 6 1 6 2923425 irq8 2925529 dispatch 2925713 
3 5 1 5 2926046 irq4 2928150 dispatch 2928334 
5 6 1 6 2928668 irq8 2930772 dispatch 2930956 
4 7 1 7 2931290 irq4 2933393 dispatch 2933577 
2 9 1 9 2933910 irq8 2936015 dispatch 2936199 
0 0 0 0 2936551 irq4 2938636 dispatch 2938821 
3 5 1 5 2939155 irq8 2941258 dispatch 2941442 
1 6 1 6 2941775 irq4 2943879 dispatch 2944065 
5 6 1 6 2944397 irq8 2946500 dispatch 2946685 
4 7 1 7 2947019 irq4 2949122 dispatch 2949303 
0 0 0 0 2949665 irq8 2951743 dispatch 2951927 
3 5 1 5 2952261 irq4 2954365 dispatch 2954548 
1 6 1 6 2954881 irq8 2956986 dispatch 2957170 
5 6 1 6 2957503 irq4 2959608 dispatch 2959791 
2 9 1 9 2960125 irq8 2962229 dispatch 2962413 
0 0 0 0 2962782 irq4 2964851 dispatch 2965034 
3 5 1 5 2965368 irq8 2967472 dispatch 2967656 
4 7 1 7 2967990 irq4 2970093 dispatch 2970276 
1 6 1 6 2970617 irq8 2972715 dispatch 2972899 
5 6 1 6 2973232 irq4 2975336 dispatch 2975520 
0 0 0 0 2975871 irq8 2977958 dispatch 2978141 
3 5 1 5 2978475 irq4 2980579 dispatch 2980763 
2 9 1 9 2981097 irq8 2983201 dispatch 2983384 
4 7 1 7 2983717 irq4 2985822 dispatch 2986006 
1 6 1 6 2986344 irq8 2988443 dispatch 2988628 
5 6 1 6 2988962 irq4 2991065 dispatch 2991249 
3 5 1 5 2991582 irq8 2993686 dispatch 2993870 
0 0 0 0 2994230 irq4 2996308 dispatch 2996492 
0 0 0 0 2996867 irq8 2998929 dispatch 2999113 
0 0 0 0 2999482 irq4 3001551 dispatch 3001736 
1 6 1 6 3002073 irq8 3004172 dispatch 3004356 
3 5 1 5 3004691 irq4 3006794 dispatch 3006978 
5 6 1 6 3007312 irq8 3009415 dispatch 3009600 
4 7 1 7 3009933 irq4 3012036 dispatch 3012220 
2 9 1 9 3012555 irq8 3014658 dispatch 3014841 
0 0 0 0 3015217 irq4 3017279 dispatch 3017464 
3 5 1 5 3017799 irq8 3019901 dispatch 3020086 
1 6 1 6 3020420 irq4 3022522 dispatch 3022706 
5 6 1 6 3023041 irq8 3025144 dispatch 3025328 
4 7 1 7 3025662 irq4 3027765 dispatch 3027950 
2 9 1 9 3028284 irq8 3030386 dispatch 3030572 
3 5 1 5 3030908 irq4 3033008 dispatch 3033192 
1 6 1 6 3033526 irq8 3035629 dispatch 3035814 
5 6 1 6 3036149 irq4 3038251 dispatch 3038436 
4 7 1 7 3038770 irq8 3040872 dispatch 3041056 
0 0 0 0 3041439 irq4 3043494 dispatch 3043678 
3 5 1 5 3044012 irq8 3046115 dispatch 3046300 
0 0 0 0 3046670 irq4 3048737 dispatch 3048920 
1 6 1 6 3049254 hf_selfid() 3049469 irq8 3051358 dispatch 3051544 
5 6 1 6 3051885 hf_selfid() 3052099 irq4 3053979 dispatch 3054164 
2 9 1 9 3054498 irq8 3056601 dispatch 3056786 
3 5 1 5 3057119 irq4 3059222 dispatch 3059406 
4 7 1 7 3059740 irq8 3061844 dispatch 3062028 
0 0 0 0 3062392 irq4 3064465 dispatch 3064649 
1 6 1 6 3064983 irq8 3067087 dispatch 3067272 
5 6 1 6 3067613 irq4 3069708 dispatch 3069893 
3 5 1 5 3070229 irq8 3072330 dispatch 3072512 
2 9 1 9 3072844 irq4 3074951 dispatch 3075135 
4 7 1 7 3075469 hf_selfid() 3075683 irq8 3077572 dispatch 3077757 
0 0 0 0 3078127 irq4 3080194 dispatch 3080376 
1 6 1 6 3080709 irq8 3082815 dispatch 3082999 
3 5 1 5 3083336 irq4 3085437 dispatch 3085621 
5 6 1 6 3085954 irq8 3088058 dispatch 3088242 
0 0 0 0 3088617 irq4 3090680 dispatch 3090864 
0 0 0 0 3091221 irq8 3093301 dispatch 3093485 
4 7 1 7 3093820 irq4 3095922 dispatch 3096107 
3 5 1 5 3096442 hf_selfid() 3096656 irq8 3098544 dispatch 3098728 
1 6 1 6 3099062 irq4 3101165 dispatch 3101350 
5 6 1 6 3101685 irq8 3103787 dispatch 3103972 
2 9 1 9 3104308 irq4 3106408 dispatch 3106592 
0 0 0 0 3106957 irq8 3109030 dispatch 3109215 
3 5 1 5 3109550 irq4 3111651 dispatch 3111837 
1 6 1 6 3112173 irq8 3114273 dispatch 3114456 
5 6 1 6 3114790 irq4 3116894 dispatch 3117078 
4 7 1 7 3117412 irq8 3119515 dispatch 3119701 
2 9 1 9 3120036 irq4 3122137 dispatch 3122321 
3 5 1 5 3122655 irq8 3124758 dispatch 3124943 
0 0 0 0 3125301 irq4 3127380 dispatch 3127564 
1 6 1 6 3127898 irq8 3130001 dispatch 3130185 
5 6 1 6 3130520 irq4 3132623 dispatch 3132808 
4 7 1 7 3133151 irq8 3135244 dispatch 3135429 
3 5 1 5 3135764 irq4 3137866 dispatch 3138049 
0 0 0 0 3138400 irq8 3140487 dispatch 3140671 
0 0 0 0 3141043 irq4 3143108 dispatch 3143293 
1 6 1 6 3143629 irq8 3145730 dispatch 3145913 
5 6 1 6 3146247 irq4 3148351 dispatch 3148536 
3 5 1 5 3148876 irq8 3150973 dispatch 3151157 
4 7 1 7 3151492 irq4 3153594 dispatch 3153779 
2 9 1 9 3154113 hf_selfid() 3154328 irq8 3156216 dispatch 3156400 
0 0 0 0 3156750 irq4 3158837 dispatch 3159022 
1 6 1 6 3159356 irq8 3161458 dispatch 3161643 
3 5 1 5 3161977 irq4 3164080 dispatch 3164264 
5 6 1 6 3164600 irq8 3166701 dispatch 3166887 
4 7 1 7 3167220 irq4 3169323 dispatch 3169507 
2 9 1 9 3169841 irq8 3171944 dispatch 3172129 
0 0 0 0 3172512 irq4 3174566 dispatch 3174749 
3 5 1 5 3175082 irq8 3177187 dispatch 3177372 
1 6 1 6 3177706 irq4 3179809 dispatch 3179992 
5 6 1 6 3180327 irq8 3182430 dispatch 3182615 
0 0 0 0 3182990 irq4 3185051 dispatch 3185236 
4 7 1 7 3185570 irq8 3187673 dispatch 3187858 
3 5 1 5 3188191 irq4 3190294 dispatch 3190479 
1 6 1 6 3190814 irq8 3192916 dispatch 3193101 
5 6 1 6 3193436 irq4 3195537 dispatch 3195721 
2 9 1 9 3196054 irq8 3198159 dispatch 3198344 
0 0 0 0 3198706 irq4 3200780 dispatch 3200962 
3 5 1 5 3201294 irq8 3203402 dispatch 3203584 
4 7 1 7 3203916 irq4 3206023 dispatch 3206206 
1 6 1 6 3206539 irq8 3208644 dispatch 3208827 
5 6 1 6 3209160 irq4 3211266 dispatch 3211449 
0 0 0 0 3211812 irq8 3213887 dispatch 3214072 
3 5 1 5 3214416 irq4 3216509 dispatch 3216693 
2 9 1 9 3217027 irq8 3219130 dispatch 3219316 
0 0 0 0 3219668 irq4 3221752 dispatch 3221937 
1 6 1 6 3222271 irq8 3224373 dispatch 3224558 
5 6 1 6 3224893 irq4 3226994 dispatch 3227179 
3 5 1 5 3227514 irq8 3229616 dispatch 3229800 
4 7 1 7 3230140 irq4 3232237 dispatch 3232422 
0 0 0 0 3232786 irq8 3234859 dispatch 3235044 
0 0 0 0 3235398 irq4 3237480 dispatch 3237665 
1 6 1 6 3238000 irq8 3240102 dispatch 3240286 
3 5 1 5 3240620 irq4 3242723 dispatch 3242908 
5 6 1 6 3243243 irq8 3245345 dispatch 3245529 
4 7 1 7 3245867 irq4 3247966 dispatch 3248152 
2 9 1 9 3248486 irq8 3250587 dispatch 3250773 
0 0 0 0 3251132 irq4 3253209 dispatch 3253394 
3 5 1 5 3253729 irq8 3255830 dispatch 3256016 
1 6 1 6 3256351 irq4 3258452 dispatch 3258637 
5 6 1 6 3258972 irq8 3261073 dispatch 3261259 
4 7 1 7 3261594 irq4 3263695 dispatch 3263881 
2 9 1 9 3264217 irq8 3266316 dispatch 3266502 
3 5 1 5 3266838 irq4 3268938 dispatch 3269123 
1 6 1 6 3269457 irq8 3271559 dispatch 3271746 
5 6 1 6 3272081 irq4 3274180 dispatch 3274367 
0 0 0 0 3274720 irq8 3276802 dispatch 3276983 
4 7 1 7 3277316 irq4 3279423 dispatch 3279608 
3 5 1 5 3279942 irq8 3282045 dispatch 3282229 
0 0 0 0 3282613 irq4 3284666 dispatch 3284851 
1 6 1 6 3285184 irq8 3287288 dispatch 3287472 
5 6 1 6 3287806 irq4 3289909 dispatch 3290094 
2 9 1 9 3290428 irq8 3292531 dispatch 3292716 
3 5 1 5 3293052 irq4 3295152 dispatch 3295338 
4 7 1 7 3295681 irq8 3297773 dispatch 3297958 
0 0 0 0 3298322 irq4 3300395 dispatch 3300580 
1 6 1 6 3300915 irq8 3303016 dispatch 3303202 
5 6 1 6 3303536 irq4 3305638 dispatch 3305822 
3 5 1 5 3306157 irq8 3308259 dispatch 3308445 
2 9 1 9 3308781 irq4 3310881 dispatch 3311065 
0 0 0 0 3311449 irq8 3313502 dispatch 3313689 
4 7 1 7 3314023 irq4 3316123 dispatch 3316309 
1 6 1 6 3316645 irq8 3318745 dispatch 3318931 
3 5 1 5 3319266 irq4 3321366 dispatch 3321552 
5 6 1 6 3321888 irq8 3323988 dispatch 3324174 
0 0 0 0 3324538 irq4 3326609 dispatch 3326795 
0 0 0 0 3327151 irq8 3329231 dispatch 3329416 
0 0 0 0 3329770 irq4 3331852 dispatch 3332037 
3 5 1 5 3332372 irq8 3334474 dispatch 3334658 
1 6 1 6 3334993 irq4 3337095 dispatch 3337281 
5 6 1 6 3337616 irq8 3339716 dispatch 3339902 
4 7 1 7 3340239 irq4 3342338 dispatch 3342523 
2 9 1 9 3342858 irq8 3344959 dispatch 3345145 
3 5 1 5 3345481 irq4 3347581 dispatch 3347767 
1 6 1 6 3348103 irq8 3350202 dispatch 3350389 
5 6 1 6 3350725 irq4 3352824 dispatch 3353010 
4 7 1 7 3353346 irq8 3355445 dispatch 3355631 
2 9 1 9 3355968 irq4 3358066 dispatch 3358253 
3 5 1 5 3358590 irq8 3360688 dispatch 3360873 
0 0 0 0 3361225 irq4 3363309 dispatch 3363495 
1 6 1 6 3363830 irq8 3365931 dispatch 3366117 
5 6 1 6 3366453 irq4 3368552 dispatch 3368738 
4 7 1 7 3369074 irq8 3371174 dispatch 3371360 
3 5 1 5 3371695 irq4 3373795 dispatch 3373981 
0 0 0 0 3374367 irq8 3376417 dispatch 3376602 
0 0 0 0 3376989 irq4 3379038 dispatch 3379225 
1 6 1 6 3379559 irq8 3381659 dispatch 3381845 
5 6 1 6 3382180 irq4 3384281 dispatch 3384467 
3 5 1 5 3384802 irq8 3386902 dispatch 3387088 
4 7 1 7 3387423 irq4 3389524 dispatch 3389709 
2 9 1 9 3390045 irq8 3392145 dispatch 3392330 
0 0 0 0 3392701 irq4 3394767 dispatch 3394953 
1 6 1 6 3395288 irq8 3397388 dispatch 3397574 
3 5 1 5 3397911 irq4 3400010 dispatch 3400194 
5 6 1 6 3400529 irq8 3402631 dispatch 3402817 
2 9 1 9 3403153 irq4 3405252 dispatch 3405438 
4 7 1 7 3405775 irq8 3407874 dispatch 3408059 
0 0 0 0 3408439 irq4 3410495 dispatch 3410681 
3 5 1 5 3411016 irq8 3413117 dispatch 3413303 
1 6 1 6 3413639 irq4 3415738 dispatch 3415925 
5 6 1 6 3416260 irq8 3418360 dispatch 3418546 
0 0 0 0 3418899 irq4 3420981 dispatch 3421167 
0 0 0 0 3421545 irq8 3423603 dispatch 3423789 
3 5 1 5 3424127 irq4 3426224 dispatch 3426410 
1 6 1 6 3426745 irq8 3428845 dispatch 3429032 
5 6 1 6 3429367 irq4 3431467 dispatch 3431653 
4 7 1 7 3431989 irq8 3434088 dispatch 3434274 
2 9 1 9 3434610 irq4 3436710 dispatch 3436897 
3 5 1 5 3437231 irq8 3439331 dispatch 3439519 
0 0 0 0 3439869 irq4 3441953 dispatch 3442137 
1 6 1 6 3442472 irq8 3444574 dispatch 3444760 
5 6 1 6 3445095 irq4 3447195 dispatch 3447382 
4 7 1 7 3447718 irq8 3449817 dispatch 3450003 
3 5 1 5 3450338 irq4 3452438 dispatch 3452625 
2 9 1 9 3452961 irq8 3455060 dispatch 3455246 
0 0 0 0 3455607 irq4 3457681 dispatch 3457866 
1 6 1 6 3458209 irq8 3460303 dispatch 3460489 
5 6 1 6 3460824 irq4 3462924 dispatch 3463110 
3 5 1 5 3463446 irq8 3465546 dispatch 3465732 
4 7 1 7 3466067 irq4 3468167 dispatch 3468353 
0 0 0 0 3468718 irq8 3470788 dispatch 3470975 
0 0 0 0 3471350 irq4 3473410 dispatch 3473595 
1 6 1 6 3473937 irq8 3476031 dispatch 3476218 
3 5 1 5 3476554 irq4 3478653 dispatch 3478839 
5 6 1 6 3479176 irq8 3481274 dispatch 3481462 
4 7 1 7 3481799 irq4 3483896 dispatch 3484081 
2 9 1 9 3484416 irq8 3486517 dispatch 3486703 
0 0 0 0 3487055 irq4 3489138 dispatch 3489325 
3 5 1 5 3489663 irq8 3491760 dispatch 3491946 
1 6 1 6 3492281 irq4 3494381 dispatch 3494569 
5 6 1 6 3494904 irq8 3497003 dispatch 3497189 
4 7 1 7 3497525 irq4 3499624 dispatch 3499810 
2 9 1 9 3500147 irq8 3502246 dispatch 3502432 
3 5 1 5 3502767 irq4 3504867 dispatch 3505053 
1 6 1 6 3505391 irq8 3507489 dispatch 3507674 
5 6 1 6 3508010 irq4 3510110 dispatch 3510297 
0 0 0 0 3510673 irq8 3512731 dispatch 3512919 
0 0 0 0 3513278 irq4 3515353 dispatch 3515540 
3 5 1 5 3515877 irq8 3517974 dispatch 3518162 
4 7 1 7 3518500 irq4 3520596 dispatch 3520782 
1 6 1 6 3521118 irq8 3523217 dispatch 3523402 
5 6 1 6 3523737 irq4 3525839 dispatch 3526025 
2 9 1 9 3526361 irq8 3528460 dispatch 3528646 
3 5 1 5 3528982 irq4 3531082 dispatch 3531268 
0 0 0 0 3531632 irq8 3533703 dispatch 3533889 
4 7 1 7 3534226 irq4 3536324 dispatch 3536510 
1 6 1 6 3536847 irq8 3538946 dispatch 3539131 
5 6 1 6 3539476 irq4 3541567 dispatch 3541754 
3 5 1 5 3542091 irq8 3544189 dispatch 3544375 
2 9 1 9 3544711 irq4 3546810 dispatch 3546997 
0 0 0 0 3547375 irq8 3549432 dispatch 3549619 
0 0 0 0 3549973 irq4 3552053 dispatch 3552239 
1 6 1 6 3552576 hf_selfid() 3552792 irq8 3554674 dispatch 3554861 
3 5 1 5 3555204 irq4 3557296 dispatch 3557482 
5 6 1 6 3557818 hf_selfid() 3558036 irq8 3559917 dispatch 3560105 
4 7 1 7 3560440 irq4 3562539 dispatch 3562726 
0 0 0 0 3563105 irq8 3565160 dispatch 3565347 
0 0 0 0 3565708 irq4 3567782 dispatch 3567969 
3 5 1 5 3568306 irq8 3570403 dispatch 3570590 
1 6 1 6 3570931 irq4 3573025 dispatch 3573211 
5 6 1 6 3573548 irq8 3575646 dispatch 3575834 
4 7 1 7 3576170 hf_selfid() 3576388 irq4 3578267 dispatch 3578454 
2 9 1 9 3578791 irq8 3580889 dispatch 3581076 
3 5 1 5 3581413 irq4 3583510 dispatch 3583699 
1 6 1 6 3584037 irq8 3586132 dispatch 3586318 
5 6 1 6 3586654 irq4 3588753 dispatch 3588939 
4 7 1 7 3589275 irq8 3591375 dispatch 3591562 
2 9 1 9 3591898 irq4 3593996 dispatch 3594183 
3 5 1 5 3594519 irq8 3596618 dispatch 3596805 
0 0 0 0 3597182 irq4 3599239 dispatch 3599426 
1 6 1 6 3599763 irq8 3601860 dispatch 3602047 
5 6 1 6 3602384 irq4 3604482 dispatch 3604665 
0 0 0 0 3605042 irq8 3607103 dispatch 3607289 
3 5 1 5 3607625 hf_selfid() 3607841 irq4 3609725 dispatch 3609910 
4 7 1 7 3610245 irq8 3612346 dispatch 3612532 
0 0 0 0 3612905 irq4 3614968 dispatch 3615153 
1 6 1 6 3615490 irq8 3617589 dispatch 3617775 
5 6 1 6 3618112 irq4 3620210 dispatch 3620397 
3 5 1 5 3620742 irq8 3622832 dispatch 3623018 
2 9 1 9 3623354 irq4 3625453 dispatch 3625640 
4 7 1 7 3625975 irq8 3628075 dispatch 3628261 
0 0 0 0 3628634 irq4 3630696 dispatch 3630883 
1 6 1 6 3631220 irq8 3633318 dispatch 3633504 
3 5 1 5 3633841 irq4 3635939 dispatch 3636126 
5 6 1 6 3636468 irq8 3638561 dispatch 3638746 
2 9 1 9 3639082 irq4 3641182 dispatch 3641369 
0 0 0 0 3641733 irq8 3643803 dispatch 3643991 
4 7 1 7 3644328 irq4 3646425 dispatch 3646611 
3 5 1 5 3646947 irq8 3649046 dispatch 3649232 
1 6 1 6 3649569 irq4 3651668 dispatch 3651854 
5 6 1 6 3652193 irq8 3654289 dispatch 3654476 
0 0 0 0 3654853 irq4 3656911 dispatch 3657098 
0 0 0 0 3657483 irq8 3659532 dispatch 3659719 
3 5 1 5 3660057 irq4 3662154 dispatch 3662340 
1 6 1 6 3662677 irq8 3664775 dispatch 3664962 
5 6 1 6 3665299 irq4 3667396 dispatch 3667583 
4 7 1 7 3667921 irq8 3670018 dispatch 3670204 
2 9 1 9 3670539 hf_selfid() 3670757 irq4 3672639 dispatch 3672826 
3 5 1 5 3673162 irq8 3675261 dispatch 3675448 
0 0 0 0 3675826 irq4 3677882 dispatch 3678069 
1 6 1 6 3678406 irq8 3680504 dispatch 3680690 
5 6 1 6 3681025 irq4 3683125 dispatch 3683312 
4 7 1 7 3683648 irq8 3685746 dispatch 3685934 
3 5 1 5 3686271 irq4 3688368 dispatch 3688553 
2 9 1 9 3688887 irq8 3690989 dispatch 3691175 
0 0 0 0 3691541 irq4 3693611 dispatch 3693796 
1 6 1 6 3694132 irq8 3696232 dispatch 3696418 
5 6 1 6 3696754 irq4 3698854 dispatch 3699040 
3 5 1 5 3699375 irq8 3701475 dispatch 3701662 
4 7 1 7 3702007 irq4 3704097 dispatch 3704282 
0 0 0 0 3704648 irq8 3706718 dispatch 3706906 
0 0 0 0 3707264 irq4 3709339 dispatch 3709526 
1 6 1 6 3709863 irq8 3711961 dispatch 3712149 
3 5 1 5 3712484 irq4 3714582 dispatch 3714768 
5 6 1 6 3715104 irq8 3717204 dispatch 3717389 
4 7 1 7 3717731 irq4 3719825 dispatch 3720011 
2 9 1 9 3720346 irq8 3722447 dispatch 3722633 
0 0 0 0 3722992 irq4 3725068 dispatch 3725254 
3 5 1 5 3725591 irq8 3727690 dispatch 3727875 
1 6 1 6 3728211 irq4 3730311 dispatch 3730498 
5 6 1 6 3730834 irq8 3732932 dispatch 3733119 
2 9 1 9 3733460 irq4 3735554 dispatch 3735740 
4 7 1 7 3736076 irq8 3738175 dispatch 3738362 
3 5 1 5 3738698 irq4 3740797 dispatch 3740984 
1 6 1 6 3741319 irq8 3743418 dispatch 3743605 
5 6 1 6 3743942 irq4 3746040 dispatch 3746226 
0 0 0 0 3746592 irq8 3748661 dispatch 3748848 
0 0 0 0 3749207 irq4 3751282 dispatch 3751469 
3 5 1 5 3751806 irq8 3753904 dispatch 3754091 
4 7 1 7 3754427 irq4 3756525 dispatch 3756713 
1 6 1 6 3757050 irq8 3759147 dispatch 3759334 
5 6 1 6 3759672 irq4 3761768 dispatch 3761955 
2 9 1 9 3762292 irq8 3764390 dispatch 3764577 
3 5 1 5 3764913 irq4 3767011 dispatch 3767199 
0 0 0 0 3767579 irq8 3769633 dispatch 3769818 
0 0 0 0 3770197 irq4 3772254 dispatch 3772441 
1 6 1 6 3772777 irq8 3774875 dispatch 3775063 
5 6 1 6 3775400 irq4 3777497 dispatch 3777684 
3 5 1 5 3778019 irq8 3780118 dispatch 3780305 
4 7 1 7 3780642 irq4 3782740 dispatch 3782926 
2 9 1 9 3783271 irq8 3785361 dispatch 3785548 
0 0 0 0 3785915 irq4 3787983 dispatch 3788171 
1 6 1 6 3788508 irq8 3790604 dispatch 3790791 
3 5 1 5 3791127 irq4 3793226 dispatch 3793412 
5 6 1 6 3793749 irq8 3795847 dispatch 3796034 
4 7 1 7 3796370 irq4 3798468 dispatch 3798655 
0 0 0 0 3799034 irq8 3801090 dispatch 3801276 
0 0 0 0 3801662 irq4 3803711 dispatch 3803898 
3 5 1 5 3804235 irq8 3806333 dispatch 3806520 
1 6 1 6 3806857 irq4 3808954 dispatch 3809141 
5 6 1 6 3809479 irq8 3811576 dispatch 3811763 
4 7 1 7 3812099 irq4 3814197 dispatch 3814385 
2 9 1 9 3814726 irq8 3816818 dispatch 3817006 
3 5 1 5 3817343 irq4 3819440 dispatch 3819627 
1 6 1 6 3819963 irq8 3822061 dispatch 3822249 
5 6 1 6 3822585 irq4 3824683 dispatch 3824869 
0 0 0 0 3825243 irq8 3827304 dispatch 3827491 
4 7 1 7 3827829 irq4 3829926 dispatch 3830112 
3 5 1 5 3830449 irq8 3832547 dispatch 3832735 
2 9 1 9 3833073 irq4 3835169 dispatch 3835356 
1 6 1 6 3835693 irq8 3837790 dispatch 3837978 
5 6 1 6 3838315 irq4 3840411 dispatch 3840597 
0 0 0 0 3840981 irq8 3843033 dispatch 3843220 
3 5 1 5 3843555 irq4 3845654 dispatch 3845840 
4 7 1 7 3846176 irq8 3848276 dispatch 3848462 
0 0 0 0 3848828 irq4 3850897 dispatch 3851082 
1 6 1 6 3851418 irq8 3853519 dispatch 3853705 
5 6 1 6 3854041 irq4 3856140 dispatch 3856326 
3 5 1 5 3856662 irq8 3858762 dispatch 3858948 
2 9 1 9 3859284 irq4 3861383 dispatch 3861570 
0 0 0 0 3861941 irq8 3864004 dispatch 3864191 
4 7 1 7 3864537 irq4 3866626 dispatch 3866811 
1 6 1 6 3867147 irq8 3869247 dispatch 3869434 
3 5 1 5 3869771 irq4 3871869 dispatch 3872056 
5 6 1 6 3872392 irq8 3874490 dispatch 3874677 
2 9 1 9 3875014 irq4 3877112 dispatch 3877299 
0 0 0 0 3877672 irq8 3879733 dispatch 3879920 
0 0 0 0 3880312 irq4 3882355 dispatch 3882542 
3 5 1 5 3882879 irq8 3884976 dispatch 3885162 
1 6 1 6 3885499 irq4 3887597 dispatch 3887785 
5 6 1 6 3888122 irq8 3890219 dispatch 3890407 
4 7 1 7 3890744 irq4 3892840 dispatch 3893026 
0 0 0 0 3893411 irq8 3895462 dispatch 3895648 
3 5 1 5 3895989 irq4 3898083 dispatch 3898270 
1 6 1 6 3898607 irq8 3900705 dispatch 3900892 
5 6 1 6 3901228 irq4 3903326 dispatch 3903514 
4 7 1 7 3903851 irq8 3905947 dispatch 3906134 
2 9 1 9 3906471 irq4 3908569 dispatch 3908756 
3 5 1 5 3909093 irq8 3911190 dispatch 3911378 
0 0 0 0 3911753 irq4 3913812 dispatch 3913999 
1 6 1 6 3914336 irq8 3916433 dispatch 3916621 
5 6 1 6 3916958 irq4 3919055 dispatch 3919242 
4 7 1 7 3919580 irq8 3921676 dispatch 3921863 
3 5 1 5 3922201 irq4 3924298 dispatch 3924484 
2 9 1 9 3924820 irq8 3926919 dispatch 3927107 
0 0 0 0 3927469 irq4 3929540 dispatch 3929729 
1 6 1 6 3930066 irq8 3932162 dispatch 3932346 
5 6 1 6 3932681 irq4 3934783 dispatch 3934969 
3 5 1 5 3935305 irq8 3937405 dispatch 3937591 
4 7 1 7 3937927 irq4 3940026 dispatch 3940212 
0 0 0 0 3940584 irq8 3942648 dispatch 3942833 
0 0 0 0 3943199 irq4 3945269 dispatch 3945455 
1 6 1 6 3945800 irq8 3947890 dispatch 3948077 
3 5 1 5 3948414 irq4 3950512 dispatch 3950698 
5 6 1 6 3951034 irq8 3953133 dispatch 3953320 
2 9 1 9 3953656 irq4 3955755 dispatch 3955941 
4 7 1 7 3956278 irq8 3958376 dispatch 3958563 
0 0 0 0 3958947 irq4 3960998 dispatch 3961184 
3 5 1 5 3961526 irq8 3963619 dispatch 3963806 
1 6 1 6 3964143 irq4 3966241 dispatch 3966427 
5 6 1 6 3966763 irq8 3968862 dispatch 3969048 
2 9 1 9 3969383 irq4 3971483 dispatch 3971670 
0 0 0 0 3972024 irq8 3974105 dispatch 3974292 
3 5 1 5 3974628 irq4 3976726 dispatch 3976913 
1 6 1 6 3977253 irq8 3979348 dispatch 3979535 
5 6 1 6 3979871 irq4 3981969 dispatch 3982156 
4 7 1 7 3982492 irq8 3984591 dispatch 3984778 
0 0 0 0 3985131 irq4 3987212 dispatch 3987398 
3 5 1 5 3987736 irq8 3989834 dispatch 3990021 
0 0 0 0 3990376 irq4 3992455 dispatch 3992642 
1 6 1 6 3992980 irq8 3995076 dispatch 3995263 
5 6 1 6 3995601 irq4 3997698 dispatch 3997884 
4 7 1 7 3998220 irq8 4000319 dispatch 4000505 
3 5 1 5 4000841 irq4 4002941 dispatch 4003127 
2 9 1 9 4003463 irq8 4005562 dispatch 4005749 
0 0 0 0 4006128 irq4 4008184 dispatch 4008369 
1 6 1 6 4008705 irq8 4010805 dispatch 4010992 
5 6 1 6 4011328 irq4 4013426 dispatch 4013614 
3 5 1 5 4013951 irq8 4016048 dispatch 4016233 
4 7 1 7 4016569 irq4 4018669 dispatch 4018856 
2 9 1 9 4019192 irq8 4021291 dispatch 4021477 
0 0 0 0 4021849 irq4 4023912 dispatch 4024099 
1 6 1 6 4024436 irq8 4026534 dispatch 4026720 
3 5 1 5 4027065 irq4 4029155 dispatch 4029342 
5 6 1 6 4029680 irq8 4031777 dispatch 4031964 
4 7 1 7 4032301 irq4 4034398 dispatch 4034585 
0 0 0 0 4034949 irq8 4037019 dispatch 4037207 
0 0 0 0 4037587 irq4 4039641 dispatch 4039828 
3 5 1 5 4040165 irq8 4042262 dispatch 4042449 
1 6 1 6 4042791 irq4 4044884 dispatch 4045069 
5 6 1 6 4045405 irq8 4047505 dispatch 4047692 
4 7 1 7 4048027 irq4 4050127 dispatch 4050313 
2 9 1 9 4050650 irq8 4052748 dispatch 4052935 
3 5 1 5 4053272 irq4 4055370 dispatch 4055556 
1 6 1 6 4055892 hf_selfid() 4056110 irq8 4057991 dispatch 4058178 
5 6 1 6 4058518 hf_selfid() 4058735 irq4 4060612 dispatch 4060799 
0 0 0 0 4061181 irq8 4063234 dispatch 4063420 
2 9 1 9 4063757 irq4 4065855 dispatch 4066042 
3 5 1 5 4066378 irq8 4068477 dispatch 4068664 
4 7 1 7 4069001 irq4 4071098 dispatch 4071285 
1 6 1 6 4071622 irq8 4073720 dispatch 4073906 
5 6 1 6 4074244 irq4 4076341 dispatch 4076528 
0 0 0 0 4076901 irq8 4078963 dispatch 4079150 
3 5 1 5 4079488 irq4 4081584 dispatch 4081771 
0 0 0 0 4082125 irq8 4084205 dispatch 4084392 
4 7 1 7 4084730 hf_selfid() 4084947 irq4 4086827 dispatch 4087014 
1 6 1 6 4087352 irq8 4089448 dispatch 4089636 
5 6 1 6 4089973 irq4 4092070 dispatch 4092257 
3 5 1 5 4092594 irq8 4094691 dispatch 4094880 
2 9 1 9 4095217 irq4 4097313 dispatch 4097498 
0 0 0 0 4097875 irq8 4099934 dispatch 4100121 
0 0 0 0 4100500 irq4 4102555 dispatch 4102743 
1 6 1 6 4103081 irq8 4105177 dispatch 4105365 
3 5 1 5 4105703 irq4 4107798 dispatch 4107986 
5 6 1 6 4108334 irq8 4110420 dispatch 4110607 
4 7 1 7 4110946 irq4 4113041 dispatch 4113229 
2 9 1 9 4113566 irq8 4115663 dispatch 4115851 
0 0 0 0 4116213 irq4 4118284 dispatch 4118472 
3 5 1 5 4118811 hf_selfid() 4119029 irq8 4120906 dispatch 4121094 
1 6 1 6 4121432 irq4 4123527 dispatch 4123715 
5 6 1 6 4124060 irq8 4126148 dispatch 4126337 
4 7 1 7 4126676 irq4 4128770 dispatch 4128957 
0 0 0 0 4129318 irq8 4131391 dispatch 4131580 
3 5 1 5 4131920 irq4 4134013 dispatch 4134202 
1 6 1 6 4134541 irq8 4136634 dispatch 4136824 
5 6 1 6 4137162 irq4 4139256 dispatch 4139444 
4 7 1 7 4139786 irq8 4141877 dispatch 4142066 
2 9 1 9 4142406 irq4 4144499 dispatch 4144687 
3 5 1 5 4145026 irq8 4147120 dispatch 4147310 
0 0 0 0 4147669 irq4 