hf_schedlock() 25233 hf_spawn() 26029 hf_spawn() 26302 hf_spawn() 26572 hf_spawn() 26846 hf_spawn() 27120 hf_spawn() 27386 hf_spawn() 27662 hf_spawn() 27937 irq8 28328 dispatch 28461 hf_schedlock() 28664 irq4 28838 dispatch 28970 
4 5 1 5 29357 hf_selfid() 29510 irq8 31459 dispatch 31593 
7 5 1 5 31940 hf_selfid() 32094 irq4 34081 dispatch 34214 
6 10 1 10 34561 hf_selfid() 34720 irq8 36702 dispatch 36837 
1 10 1 10 37184 hf_selfid() 37344 irq4 39323 dispatch 39458 
3 15 1 15 39819 hf_selfid() 39982 irq8 41945 dispatch 42082 
4 5 1 5 42430 irq4 44566 dispatch 44703 
7 5 1 5 45054 irq8 47188 dispatch 47325 
5 15 1 15 47675 hf_selfid() 47842 irq4 49809 dispatch 49946 
2 20 1 20 50295 hf_selfid() 50461 irq8 52431 dispatch 52569 
0 0 0 0 52943 irq4 55052 dispatch 55190 
4 5 1 5 55542 irq8 57674 dispatch 57811 
7 5 1 5 58162 irq4 60295 dispatch 60434 
6 10 1 10 60785 irq8 62916 dispatch 63055 
1 10 1 10 63424 irq4 65538 dispatch 65676 
0 0 0 0 66076 irq8 68159 dispatch 68299 
4 5 1 5 68651 irq4 70781 dispatch 70921 
7 5 1 5 71272 irq8 73402 dispatch 73543 
3 15 1 15 73900 irq4 76024 dispatch 76163 
5 15 1 15 76515 irq8 78645 dispatch 78785 
0 0 0 0 79160 irq4 81267 dispatch 81408 
4 5 1 5 81761 irq8 83888 dispatch 84029 
7 5 1 5 84383 irq4 86509 dispatch 86651 
6 10 1 10 87027 irq8 89131 dispatch 89273 
1 10 1 10 89628 irq4 91752 dispatch 91895 
2 20 1 20 92250 irq8 94374 dispatch 94517 
4 5 1 5 94871 irq4 96995 dispatch 97137 
7 5 1 5 97502 irq8 99617 dispatch 99759 
0 0 0 0 100168 irq4 102238 dispatch 102385 
0 0 0 0 102793 irq8 104859 dispatch 105006 
0 0 0 0 105421 irq4 107481 dispatch 107628 
4 5 1 5 107987 irq8 110102 dispatch 110250 
7 5 1 5 110612 irq4 112724 dispatch 112871 
6 10 1 10 113232 irq8 115345 dispatch 115493 
1 10 1 10 115854 irq4 117967 dispatch 118115 
3 15 1 15 118477 irq8 120588 dispatch 120736 
4 5 1 5 121110 irq4 123210 dispatch 123357 
7 5 1 5 123718 irq8 125831 dispatch 125980 
5 15 1 15 126341 irq4 128452 dispatch 128601 
0 0 0 0 128980 irq8 131074 dispatch 131222 
0 0 0 0 131637 irq4 133695 dispatch 133844 
4 5 1 5 134206 irq8 136317 dispatch 136466 
7 5 1 5 136827 irq4 138938 dispatch 139088 
6 10 1 10 139450 irq8 141560 dispatch 141709 
1 10 1 10 142071 irq4 144181 dispatch 144330 
2 20 1 20 144709 irq8 146802 dispatch 146952 
4 5 1 5 147315 irq4 149424 dispatch 149574 
7 5 1 5 149936 irq8 152045 dispatch 152195 
3 15 1 15 152557 irq4 154667 dispatch 154816 
5 15 1 15 155182 irq8 157288 dispatch 157438 
0 0 0 0 157830 irq4 159910 dispatch 160060 
4 5 1 5 160422 irq8 162531 dispatch 162683 
7 5 1 5 163046 irq4 165153 dispatch 165303 
6 10 1 10 165667 irq8 167774 dispatch 167926 
1 10 1 10 168311 irq4 170395 dispatch 170547 
0 0 0 0 170929 irq8 173017 dispatch 173169 
4 5 1 5 173532 irq4 175638 dispatch 175790 
7 5 1 5 176156 irq8 178260 dispatch 178412 
0 0 0 0 178833 irq4 180881 dispatch 181032 
0 0 0 0 181419 irq8 183503 dispatch 183656 
0 0 0 0 184046 irq4 186124 dispatch 186276 
4 5 1 5 186640 irq8 188746 dispatch 188898 
7 5 1 5 189262 irq4 191367 dispatch 191520 
6 10 1 10 191885 irq8 193988 dispatch 194141 
1 10 1 10 194507 irq4 196610 dispatch 196761 
3 15 1 15 197126 irq8 199231 dispatch 199384 
4 5 1 5 199749 irq4 201853 dispatch 202005 
7 5 1 5 202382 irq8 204474 dispatch 204628 
5 15 1 15 204994 irq4 207096 dispatch 207248 
2 20 1 20 207613 irq8 209717 dispatch 209870 
0 0 0 0 210278 irq4 212339 dispatch 212493 
4 5 1 5 212860 irq8 214960 dispatch 215115 
7 5 1 5 215481 irq4 217581 dispatch 217737 
6 10 1 10 218103 irq8 220203 dispatch 220357 
1 10 1 10 220724 irq4 222824 dispatch 222979 
0 0 0 0 223395 irq8 225446 dispatch 225600 
4 5 1 5 225983 irq4 228067 dispatch 228222 
7 5 1 5 228589 irq8 230689 dispatch 230842 
3 15 1 15 231209 irq4 233310 dispatch 233465 
5 15 1 15 233833 irq8 235931 dispatch 236087 
0 0 0 0 236520 irq4 238553 dispatch 238708 
4 5 1 5 239076 irq8 241174 dispatch 241329 
7 5 1 5 241697 irq4 243796 dispatch 243951 
6 10 1 10 244319 irq8 246417 dispatch 246571 
1 10 1 10 246937 irq4 249039 dispatch 249194 
2 20 1 20 249583 irq8 251660 dispatch 251815 
4 5 1 5 252183 irq4 254282 dispatch 254437 
7 5 1 5 254805 irq8 256903 dispatch 257058 
0 0 0 0 257468 irq4 259524 dispatch 259680 
0 0 0 0 260080 irq8 262146 dispatch 262300 
0 0 0 0 262699 irq4 264767 dispatch 264923 
4 5 1 5 265291 irq8 267389 dispatch 267544 
7 5 1 5 267912 irq4 270010 dispatch 270166 
6 10 1 10 270534 irq8 272632 dispatch 272787 
1 10 1 10 273155 irq4 275253 dispatch 275408 
3 15 1 15 275777 irq8 277874 dispatch 278031 
4 5 1 5 278400 irq4 280496 dispatch 280651 
7 5 1 5 281019 irq8 283117 dispatch 283274 
5 15 1 15 283654 irq4 285739 dispatch 285895 
0 0 0 0 286293 irq8 288360 dispatch 288515 
0 0 0 0 288901 irq4 290982 dispatch 291137 
4 5 1 5 291506 irq8 293603 dispatch 293759 
7 5 1 5 294130 irq4 296225 dispatch 296380 
6 10 1 10 296748 irq8 298846 dispatch 299003 
1 10 1 10 299371 irq4 301467 dispatch 301624 
2 20 1 20 301993 irq8 304089 dispatch 304245 
4 5 1 5 304614 irq4 306710 dispatch 306867 
7 5 1 5 307255 irq8 309332 dispatch 309488 
3 15 1 15 309856 irq4 311953 dispatch 312110 
5 15 1 15 312478 irq8 314575 dispatch 314731 
0 0 0 0 315156 irq4 317196 dispatch 317353 
4 5 1 5 317728 irq8 319818 dispatch 319975 
7 5 1 5 320345 irq4 322439 dispatch 322596 
6 10 1 10 322966 irq8 325060 dispatch 325218 
1 10 1 10 325588 irq4 327682 dispatch 327838 
0 0 0 0 328224 irq8 330303 dispatch 330461 
4 5 1 5 330852 irq4 332925 dispatch 333082 
7 5 1 5 333452 irq8 335546 dispatch 335705 
0 0 0 0 336118 irq4 338168 dispatch 338325 
0 0 0 0 338741 irq8 340789 dispatch 340947 
0 0 0 0 341363 irq4 343411 dispatch 343569 
4 5 1 5 343941 irq8 346032 dispatch 346190 
7 5 1 5 346561 irq4 348653 dispatch 348812 
6 10 1 10 349182 irq8 351275 dispatch 351434 
1 10 1 10 351806 irq4 353896 dispatch 354055 
3 15 1 15 354426 irq8 356518 dispatch 356676 
4 5 1 5 357047 irq4 359139 dispatch 359298 
7 5 1 5 359669 irq8 361761 dispatch 361918 
5 15 1 15 362289 irq4 364382 dispatch 364541 
2 20 1 20 364925 irq8 367003 dispatch 367163 
0 0 0 0 367583 irq4 369625 dispatch 369783 
4 5 1 5 370154 irq8 372246 dispatch 372405 
7 5 1 5 372776 irq4 374868 dispatch 375026 
6 10 1 10 375398 irq8 377489 dispatch 377648 
1 10 1 10 378018 irq4 380111 dispatch 380270 
0 0 0 0 380666 irq8 382732 dispatch 382891 
4 5 1 5 383263 irq4 385354 dispatch 385512 
7 5 1 5 385883 irq8 387975 dispatch 388134 
3 15 1 15 388522 irq4 390596 dispatch 390755 
5 15 1 15 391126 irq8 393218 dispatch 393376 
0 0 0 0 393808 irq4 395839 dispatch 395999 
4 5 1 5 396371 irq8 398461 dispatch 398620 
7 5 1 5 398996 irq4 401082 dispatch 401241 
6 10 1 10 401612 irq8 403704 dispatch 403862 
1 10 1 10 404233 irq4 406325 dispatch 406484 
2 20 1 20 406855 irq8 408947 dispatch 409106 
4 5 1 5 409478 irq4 411568 dispatch 411728 
7 5 1 5 412121 irq8 414189 dispatch 414350 
0 0 0 0 414776 irq4 416811 dispatch 416970 
0 0 0 0 417389 irq8 419432 dispatch 419593 
0 0 0 0 419984 irq4 422054 dispatch 422214 
4 5 1 5 422597 irq8 424675 dispatch 424836 
7 5 1 5 425209 irq4 427297 dispatch 427457 
6 10 1 10 427830 irq8 429918 dispatch 430080 
1 10 1 10 430452 irq4 432539 dispatch 432700 
3 15 1 15 433074 irq8 435161 dispatch 435323 
4 5 1 5 435696 irq4 437782 dispatch 437943 
7 5 1 5 438317 irq8 440404 dispatch 440564 
5 15 1 15 440937 irq4 443025 dispatch 443186 
0 0 0 0 443583 irq8 445647 dispatch 445808 
0 0 0 0 446250 irq4 448268 dispatch 448428 
4 5 1 5 448802 irq8 450890 dispatch 451050 
7 5 1 5 451423 irq4 453511 dispatch 453672 
6 10 1 10 454046 irq8 456132 dispatch 456293 
1 10 1 10 456668 irq4 458754 dispatch 458914 
2 20 1 20 459288 irq8 461375 dispatch 461536 
4 5 1 5 461910 irq4 463997 dispatch 464159 
7 5 1 5 464532 irq8 466618 dispatch 466779 
3 15 1 15 467155 irq4 469240 dispatch 469401 
5 15 1 15 469791 irq8 471861 dispatch 472023 
0 0 0 0 472414 irq4 474482 dispatch 474644 
4 5 1 5 475018 irq8 477104 dispatch 477266 
7 5 1 5 477640 irq4 479725 dispatch 479888 
6 10 1 10 480266 irq8 482347 dispatch 482508 
1 10 1 10 482882 irq4 484968 dispatch 485129 
0 0 0 0 485520 irq8 487590 dispatch 487751 
4 5 1 5 488126 irq4 490211 dispatch 490373 
7 5 1 5 490748 irq8 492833 dispatch 492992 
0 0 0 0 493447 irq4 495454 dispatch 495615 
0 0 0 0 496012 irq8 498075 dispatch 498237 
0 0 0 0 498662 irq4 500697 dispatch 500858 
4 5 1 5 501232 irq8 503318 dispatch 503480 
7 5 1 5 503864 irq4 505940 dispatch 506101 
6 10 1 10 506476 irq8 508561 dispatch 508723 
1 10 1 10 509098 irq4 511183 dispatch 511346 
3 15 1 15 511722 irq8 513804 dispatch 513966 
4 5 1 5 514341 irq4 516426 dispatch 516587 
7 5 1 5 516962 irq8 519047 dispatch 519209 
5 15 1 15 519584 irq4 521668 dispatch 521830 
2 20 1 20 522206 irq8 524290 dispatch 524451 
0 0 0 0 524867 irq4 526911 dispatch 527073 
4 5 1 5 527460 irq8 529533 dispatch 529695 
7 5 1 5 530070 irq4 532154 dispatch 532317 
6 10 1 10 532693 irq8 534776 dispatch 534938 
1 10 1 10 535312 irq4 537397 dispatch 537560 
0 0 0 0 537954 irq8 540018 dispatch 540181 
4 5 1 5 540555 hf_selfid() 540748 irq4 542640 dispatch 542802 
7 5 1 5 543176 hf_selfid() 543367 irq8 545261 dispatch 545424 
3 15 1 15 545798 hf_selfid() 546000 irq4 547883 dispatch 548044 
5 15 1 15 548419 hf_selfid() 548621 irq8 550504 dispatch 550666 
0 0 0 0 551112 irq4 553126 dispatch 553287 
4 5 1 5 553662 irq8 555747 dispatch 555910 
7 5 1 5 556286 irq4 558369 dispatch 558531 
6 10 1 10 558906 hf_selfid() 559107 irq8 560990 dispatch 561153 
1 10 1 10 561531 hf_selfid() 561732 irq4 563611 dispatch 563773 
2 20 1 20 564148 hf_selfid() 564352 irq8 566233 dispatch 566396 
4 5 1 5 566771 irq4 568854 dispatch 569016 
7 5 1 5 569391 irq8 571476 dispatch 571639 
0 0 0 0 572050 irq4 574097 dispatch 574259 
0 0 0 0 574714 irq8 576719 dispatch 576881 
0 0 0 0 577304 irq4 579340 dispatch 579502 
4 5 1 5 579878 irq8 581962 dispatch 582124 
7 5 1 5 582499 irq4 584583 dispatch 584745 
6 10 1 10 585129 irq8 587204 dispatch 587367 
1 10 1 10 587742 irq4 589826 dispatch 589987 
3 15 1 15 590362 irq8 592447 dispatch 592610 
4 5 1 5 592985 irq4 595069 dispatch 595232 
7 5 1 5 595606 irq8 597690 dispatch 597853 
5 15 1 15 598229 irq4 600312 dispatch 600475 
0 0 0 0 600873 irq8 602933 dispatch 603096 
0 0 0 0 603514 irq4 605555 dispatch 605718 
4 5 1 5 606094 irq8 608176 dispatch 608338 
7 5 1 5 608725 irq4 610797 dispatch 610961 
6 10 1 10 611336 irq8 613419 dispatch 613583 
1 10 1 10 613959 irq4 616040 dispatch 616202 
2 20 1 20 616577 irq8 618662 dispatch 618824 
4 5 1 5 619200 irq4 621283 dispatch 621446 
7 5 1 5 621821 irq8 623905 dispatch 624068 
3 15 1 15 624442 irq4 626526 dispatch 626689 
5 15 1 15 627063 irq8 629147 dispatch 629310 
0 0 0 0 629742 irq4 631769 dispatch 631932 
4 5 1 5 632325 irq8 634390 dispatch 634554 
7 5 1 5 634931 irq4 637012 dispatch 637175 
6 10 1 10 637551 irq8 639633 dispatch 639797 
1 10 1 10 640174 irq4 642255 dispatch 642418 
0 0 0 0 642847 irq8 644876 dispatch 645039 
4 5 1 5 645416 irq4 647498 dispatch 647661 
7 5 1 5 648038 irq8 650119 dispatch 650283 
0 0 0 0 650685 irq4 652740 dispatch 652905 
0 0 0 0 653342 irq8 655362 dispatch 655524 
0 0 0 0 655939 irq4 657983 dispatch 658147 
4 5 1 5 658524 irq8 660605 dispatch 660769 
7 5 1 5 661145 irq4 663226 dispatch 663390 
6 10 1 10 663767 irq8 665848 dispatch 666011 
1 10 1 10 666396 irq4 668469 dispatch 668633 
3 15 1 15 669011 irq8 671090 dispatch 671255 
4 5 1 5 671633 irq4 673712 dispatch 673876 
7 5 1 5 674253 irq8 676333 dispatch 676498 
5 15 1 15 676874 irq4 678955 dispatch 679119 
2 20 1 20 679497 irq8 681576 dispatch 681741 
0 0 0 0 682161 irq4 684198 dispatch 684362 
4 5 1 5 684739 irq8 686819 dispatch 686984 
7 5 1 5 687361 irq4 689441 dispatch 689604 
6 10 1 10 689994 irq8 692062 dispatch 692227 
1 10 1 10 692603 irq4 694683 dispatch 694848 
0 0 0 0 695275 irq8 697305 dispatch 697470 
4 5 1 5 697847 irq4 699926 dispatch 700091 
7 5 1 5 700470 irq8 702548 dispatch 702713 
3 15 1 15 703092 irq4 705169 dispatch 705334 
5 15 1 15 705711 irq8 707791 dispatch 707956 
0 0 0 0 708356 irq4 710412 dispatch 710577 
4 5 1 5 710954 irq8 713034 dispatch 713199 
7 5 1 5 713594 irq4 715655 dispatch 715821 
6 10 1 10 716200 irq8 718276 dispatch 718441 
1 10 1 10 718819 irq4 720898 dispatch 721061 
2 20 1 20 721438 irq8 723519 dispatch 723685 
4 5 1 5 724066 irq4 726141 dispatch 726306 
7 5 1 5 726684 irq8 728762 dispatch 728928 
0 0 0 0 729359 irq4 731384 dispatch 731549 
0 0 0 0 731985 irq8 734005 dispatch 734171 
0 0 0 0 734568 irq4 736627 dispatch 736792 
4 5 1 5 737192 irq8 739248 dispatch 739412 
7 5 1 5 739790 irq4 741869 dispatch 742035 
6 10 1 10 742413 irq8 744491 dispatch 744656 
1 10 1 10 745033 irq4 747112 dispatch 747278 
3 15 1 15 747665 irq8 749734 dispatch 749899 
4 5 1 5 750278 irq4 752355 dispatch 752521 
7 5 1 5 752899 irq8 754977 dispatch 755142 
5 15 1 15 755521 irq4 757598 dispatch 757765 
0 0 0 0 758183 irq8 760219 dispatch 760385 
0 0 0 0 760793 irq4 762841 dispatch 763007 
4 5 1 5 763385 irq8 765462 dispatch 765628 
7 5 1 5 766007 irq4 768084 dispatch 768247 
6 10 1 10 768624 irq8 770705 dispatch 770870 
1 10 1 10 771261 irq4 773327 dispatch 773492 
2 20 1 20 773871 irq8 775948 dispatch 776114 
4 5 1 5 776492 irq4 778570 dispatch 778734 
7 5 1 5 779112 irq8 781191 dispatch 781357 
3 15 1 15 781735 irq4 783812 dispatch 783978 
5 15 1 15 784357 irq8 786434 dispatch 786598 
0 0 0 0 786992 irq4 789055 dispatch 789220 
4 5 1 5 789598 irq8 791677 dispatch 791843 
7 5 1 5 792221 irq4 794298 dispatch 794463 
6 10 1 10 794858 irq8 796920 dispatch 797085 
1 10 1 10 797462 irq4 799541 dispatch 799707 
0 0 0 0 800139 irq8 802163 dispatch 802327 
4 5 1 5 802705 irq4 804784 dispatch 804949 
7 5 1 5 805331 irq8 807405 dispatch 807570 
0 0 0 0 807984 irq4 810027 dispatch 810193 
0 0 0 0 810589 irq8 812648 dispatch 812815 
0 0 0 0 813218 irq4 815270 dispatch 815436 
4 5 1 5 815816 irq8 817891 dispatch 818059 
7 5 1 5 818459 irq4 820513 dispatch 820678 
6 10 1 10 821056 irq8 823134 dispatch 823301 
1 10 1 10 823679 irq4 825755 dispatch 825922 
3 15 1 15 826301 irq8 828377 dispatch 828544 
4 5 1 5 828931 irq4 830998 dispatch 831165 
7 5 1 5 831546 irq8 833620 dispatch 833786 
5 15 1 15 834166 irq4 836241 dispatch 836407 
2 20 1 20 836787 irq8 838863 dispatch 839030 
0 0 0 0 839465 irq4 841484 dispatch 841651 
4 5 1 5 842030 irq8 844106 dispatch 844273 
7 5 1 5 844652 irq4 846727 dispatch 846894 
6 10 1 10 847273 irq8 849348 dispatch 849516 
1 10 1 10 849896 irq4 851970 dispatch 852136 
0 0 0 0 852558 irq8 854591 dispatch 854759 
4 5 1 5 855139 irq4 857213 dispatch 857380 
7 5 1 5 857760 irq8 859834 dispatch 860003 
3 15 1 15 860382 irq4 862456 dispatch 862623 
5 15 1 15 863003 irq8 865077 dispatch 865245 
0 0 0 0 865687 irq4 867698 dispatch 867866 
4 5 1 5 868247 irq8 870320 dispatch 870488 
7 5 1 5 870867 irq4 872941 dispatch 873109 
6 10 1 10 873489 irq8 875563 dispatch 875730 
1 10 1 10 876127 irq4 878184 dispatch 878352 
2 20 1 20 878733 irq8 880806 dispatch 880972 
4 5 1 5 881351 irq4 883427 dispatch 883594 
7 5 1 5 883974 irq8 886049 dispatch 886215 
0 0 0 0 886629 irq4 888670 dispatch 888838 
0 0 0 0 889247 irq8 891291 dispatch 891459 
0 0 0 0 891856 irq4 893913 dispatch 894081 
4 5 1 5 894461 irq8 896534 dispatch 896701 
7 5 1 5 897082 irq4 899156 dispatch 899324 
6 10 1 10 899725 irq8 901777 dispatch 901944 
1 10 1 10 902324 irq4 904399 dispatch 904566 
3 15 1 15 904947 irq8 907020 dispatch 907188 
4 5 1 5 907569 irq4 909642 dispatch 909808 
7 5 1 5 910197 irq8 912263 dispatch 912431 
5 15 1 15 912811 irq4 914884 dispatch 915052 
0 0 0 0 915493 irq8 917506 dispatch 917673 
0 0 0 0 918089 irq4 920127 dispatch 920295 
4 5 1 5 920676 irq8 922749 dispatch 922916 
7 5 1 5 923295 irq4 925370 dispatch 925538 
6 10 1 10 925917 irq8 927992 dispatch 928160 
1 10 1 10 928539 irq4 930613 dispatch 930780 
2 20 1 20 931162 irq8 933234 dispatch 933402 
4 5 1 5 933796 irq4 935856 dispatch 936024 
7 5 1 5 936403 irq8 938477 dispatch 938645 
3 15 1 15 939026 irq4 941099 dispatch 941267 
5 15 1 15 941648 irq8 943720 dispatch 943888 
0 0 0 0 944294 irq4 946342 dispatch 946510 
4 5 1 5 946891 irq8 948963 dispatch 949131 
7 5 1 5 949512 irq4 951585 dispatch 951753 
6 10 1 10 952134 irq8 954206 dispatch 954375 
1 10 1 10 954755 irq4 956827 dispatch 956995 
0 0 0 0 957417 irq8 959449 dispatch 959618 
4 5 1 5 959999 irq4 962070 dispatch 962238 
7 5 1 5 962619 irq8 964692 dispatch 964859 
0 0 0 0 965257 irq4 967313 dispatch 967481 
0 0 0 0 967890 irq8 969935 dispatch 970103 
0 0 0 0 970520 irq4 972556 dispatch 972725 
4 5 1 5 973107 irq8 975178 dispatch 975346 
7 5 1 5 975727 irq4 977799 dispatch 977967 
6 10 1 10 978348 irq8 980420 dispatch 980589 
1 10 1 10 980991 irq4 983042 dispatch 983208 
3 15 1 15 983586 irq8 985663 dispatch 985830 
4 5 1 5 986210 irq4 988285 dispatch 988452 
7 5 1 5 988832 irq8 990906 dispatch 991074 
5 15 1 15 991463 irq4 993528 dispatch 993695 
2 20 1 20 994075 irq8 996149 dispatch 996317 
0 0 0 0 996752 irq4 998770 dispatch 998938 
4 5 1 5 999319 irq8 1001392 dispatch 1001563 
7 5 1 5 1001947 irq4 1004013 dispatch 1004184 
6 10 1 10 1004567 irq8 1006635 dispatch 1006806 
1 10 1 10 1007191 irq4 1009256 dispatch 1009427 
0 0 0 0 1009867 irq8 1011878 dispatch 1012049 
4 5 1 5 1012433 irq4 1014499 dispatch 1014670 
7 5 1 5 1015068 irq8 1017121 dispatch 1017292 
3 15 1 15 1017676 irq4 1019742 dispatch 1019914 
5 15 1 15 1020298 irq8 1022363 dispatch 1022536 
0 0 0 0 1022946 irq4 1024985 dispatch 1025156 
4 5 1 5 1025540 irq8 1027606 dispatch 1027778 
7 5 1 5 1028163 irq4 1030228 dispatch 1030400 
6 10 1 10 1030783 irq8 1032849 dispatch 1033021 
1 10 1 10 1033406 irq4 1035471 dispatch 1035643 
2 20 1 20 1036029 irq8 1038092 dispatch 1038264 
4 5 1 5 1038666 irq4 1040714 dispatch 1040885 
7 5 1 5 1041269 irq8 1043335 dispatch 1043507 
0 0 0 0 1043910 irq4 1045956 dispatch 1046128 
0 0 0 0 1046555 irq8 1048578 dispatch 1048748 
0 0 0 0 1049189 irq4 1051199 dispatch 1051371 
4 5 1 5 1051755 hf_selfid() 1051957 irq8 1053821 dispatch 1053993 
7 5 1 5 1054377 hf_selfid() 1054579 irq4 1056442 dispatch 1056613 
6 10 1 10 1056997 irq8 1059064 dispatch 1059236 
1 10 1 10 1059619 irq4 1061685 dispatch 1061857 
3 15 1 15 1062262 hf_selfid() 1062477 irq8 1064306 dispatch 1064479 
4 5 1 5 1064864 irq4 1066928 dispatch 1067099 
7 5 1 5 1067483 irq8 1069549 dispatch 1069721 
5 15 1 15 1070105 hf_selfid() 1070318 irq4 1072171 dispatch 1072342 
0 0 0 0 1072789 irq8 1074792 dispatch 1074965 
0 0 0 0 1075411 irq4 1077414 dispatch 1077585 
4 5 1 5 1077970 irq8 1080035 dispatch 1080207 
7 5 1 5 1080592 irq4 1082657 dispatch 1082828 
6 10 1 10 1083212 hf_selfid() 1083422 irq8 1085278 dispatch 1085451 
1 10 1 10 1085834 hf_selfid() 1086043 irq4 1087899 dispatch 1088072 
2 20 1 20 1088456 hf_selfid() 1088669 irq8 1090521 dispatch 1090693 
4 5 1 5 1091077 irq4 1093142 dispatch 1093314 
7 5 1 5 1093699 irq8 1095764 dispatch 1095935 
3 15 1 15 1096333 irq4 1098385 dispatch 1098557 
5 15 1 15 1098942 irq8 1101007 dispatch 1101180 
0 0 0 0 1101609 irq4 1103628 dispatch 1103802 
4 5 1 5 1104189 irq8 1106250 dispatch 1106422 
7 5 1 5 1106808 irq4 1108871 dispatch 1109044 
6 10 1 10 1109430 irq8 1111492 dispatch 1111666 
1 10 1 10 1112054 irq4 1114114 dispatch 1114286 
0 0 0 0 1114733 irq8 1116735 dispatch 1116910 
4 5 1 5 1117296 irq4 1119357 dispatch 1119531 
7 5 1 5 1119935 irq8 1121978 dispatch 1122152 
0 0 0 0 1122567 irq4 1124600 dispatch 1124773 
0 0 0 0 1125220 irq8 1127221 dispatch 1127394 
0 0 0 0 1127842 irq4 1129843 dispatch 1130016 
4 5 1 5 1130406 irq8 1132464 dispatch 1132638 
7 5 1 5 1133024 irq4 1135085 dispatch 1135259 
6 10 1 10 1135646 irq8 1137707 dispatch 1137880 
1 10 1 10 1138267 irq4 1140328 dispatch 1140502 
3 15 1 15 1140888 irq8 1142950 dispatch 1143124 
4 5 1 5 1143532 irq4 1145571 dispatch 1145746 
7 5 1 5 1146133 irq8 1148193 dispatch 1148365 
5 15 1 15 1148751 irq4 1150814 dispatch 1150988 
2 20 1 20 1151374 irq8 1153435 dispatch 1153609 
0 0 0 0 1154027 irq4 1156057 dispatch 1156230 
4 5 1 5 1156616 irq8 1158678 dispatch 1158852 
7 5 1 5 1159238 irq4 1161300 dispatch 1161473 
6 10 1 10 1161859 irq8 1163921 dispatch 1164095 
1 10 1 10 1164481 irq4 1166543 dispatch 1166717 
0 0 0 0 1167153 irq8 1169164 dispatch 1169338 
4 5 1 5 1169724 irq4 1171786 dispatch 1171959 
7 5 1 5 1172346 irq8 1174407 dispatch 1174581 
3 15 1 15 1174967 irq4 1177028 dispatch 1177203 
5 15 1 15 1177603 irq8 1179650 dispatch 1179822 
0 0 0 0 1180224 irq4 1182271 dispatch 1182445 
4 5 1 5 1182832 irq8 1184893 dispatch 1185066 
7 5 1 5 1185452 irq4 1187514 dispatch 1187689 
6 10 1 10 1188075 irq8 1190136 dispatch 1190310 
1 10 1 10 1190696 irq4 1192757 dispatch 1192931 
2 20 1 20 1193318 irq8 1195378 dispatch 1195553 
4 5 1 5 1195940 irq4 1198000 dispatch 1198174 
7 5 1 5 1198560 irq8 1200621 dispatch 1200795 
0 0 0 0 1201215 irq4 1203243 dispatch 1203415 
0 0 0 0 1203863 irq8 1205864 dispatch 1206038 
0 0 0 0 1206441 irq4 1208486 dispatch 1208658 
4 5 1 5 1209045 irq8 1211107 dispatch 1211282 
7 5 1 5 1211673 irq4 1213729 dispatch 1213902 
6 10 1 10 1214289 irq8 1216350 dispatch 1216524 
1 10 1 10 1216909 irq4 1218971 dispatch 1219145 
3 15 1 15 1219532 irq8 1221593 dispatch 1221768 
4 5 1 5 1222154 irq4 1224214 dispatch 1224388 
7 5 1 5 1224796 irq8 1226836 dispatch 1227010 
5 15 1 15 1227397 irq4 1229457 dispatch 1229629 
0 0 0 0 1230067 irq8 1232079 dispatch 1232252 
0 0 0 0 1232700 irq4 1234700 dispatch 1234873 
4 5 1 5 1235269 irq8 1237322 dispatch 1237495 
7 5 1 5 1237882 irq4 1239943 dispatch 1240117 
6 10 1 10 1240503 irq8 1242564 dispatch 1242738 
1 10 1 10 1243125 irq4 1245186 dispatch 1245358 
2 20 1 20 1245745 irq8 1247807 dispatch 1247982 
4 5 1 5 1248370 irq4 1250429 dispatch 1250602 
7 5 1 5 1250988 irq8 1253050 dispatch 1253225 
3 15 1 15 1253611 irq4 1255672 dispatch 1255846 
5 15 1 15 1256232 irq8 1258293 dispatch 1258467 
0 0 0 0 1258902 irq4 1260915 dispatch 1261088 
4 5 1 5 1261475 irq8 1263536 dispatch 1263710 
7 5 1 5 1264097 irq4 1266157 dispatch 1266332 
6 10 1 10 1266719 irq8 1268779 dispatch 1268954 
1 10 1 10 1269341 irq4 1271400 dispatch 1271574 
0 0 0 0 1271979 irq8 1274022 dispatch 1274196 
4 5 1 5 1274582 irq4 1276643 dispatch 1276818 
7 5 1 5 1277205 irq8 1279265 dispatch 1279439 
0 0 0 0 1279864 irq4 1281886 dispatch 1282060 
0 0 0 0 1282486 irq8 1284507 dispatch 1284682 
0 0 0 0 1285125 irq4 1287129 dispatch 1287303 
4 5 1 5 1287691 irq8 1289750 dispatch 1289925 
7 5 1 5 1290313 irq4 1292372 dispatch 1292546 
6 10 1 10 1292939 irq8 1294993 dispatch 1295168 
1 10 1 10 1295555 irq4 1297615 dispatch 1297789 
3 15 1 15 1298177 irq8 1300236 dispatch 1300411 
4 5 1 5 1300800 irq4 1302858 dispatch 1303032 
7 5 1 5 1303421 irq8 1305479 dispatch 1305655 
5 15 1 15 1306063 irq4 1308100 dispatch 1308276 
2 20 1 20 1308664 irq8 1310722 dispatch 1310895 
0 0 0 0 1311325 irq4 1313343 dispatch 1313518 
4 5 1 5 1313906 irq8 1315965 dispatch 1316140 
7 5 1 5 1316536 irq4 1318586 dispatch 1318761 
6 10 1 10 1319148 irq8 1321208 dispatch 1321382 
1 10 1 10 1321770 irq4 1323829 dispatch 1324005 
0 0 0 0 1324415 irq8 1326451 dispatch 1326626 
4 5 1 5 1327015 irq4 1329072 dispatch 1329247 
7 5 1 5 1329635 irq8 1331693 dispatch 1331868 
3 15 1 15 1332255 irq4 1334315 dispatch 1334490 
5 15 1 15 1334878 irq8 1336936 dispatch 1337112 
0 0 0 0 1337518 irq4 1339558 dispatch 1339733 
4 5 1 5 1340134 irq8 1342179 dispatch 1342355 
7 5 1 5 1342744 irq4 1344801 dispatch 1344974 
6 10 1 10 1345362 irq8 1347422 dispatch 1347598 
1 10 1 10 1347985 irq4 1350043 dispatch 1350219 
2 20 1 20 1350609 irq8 1352665 dispatch 1352840 
4 5 1 5 1353227 irq4 1355286 dispatch 1355462 
7 5 1 5 1355850 irq8 1357908 dispatch 1358083 
0 0 0 0 1358512 irq4 1360529 dispatch 1360704 
0 0 0 0 1361145 irq8 1363151 dispatch 1363327 
0 0 0 0 1363763 irq4 1365772 dispatch 1365947 
4 5 1 5 1366336 irq8 1368394 dispatch 1368569 
7 5 1 5 1368958 irq4 1371015 dispatch 1371191 
6 10 1 10 1371581 irq8 1373636 dispatch 1373812 
1 10 1 10 1374206 irq4 1376258 dispatch 1376432 
3 15 1 15 1376820 irq8 1378879 dispatch 1379056 
4 5 1 5 1379444 irq4 1381501 dispatch 1381677 
7 5 1 5 1382066 irq8 1384122 dispatch 1384298 
5 15 1 15 1384686 irq4 1386744 dispatch 1386919 
0 0 0 0 1387371 irq8 1389365 dispatch 1389541 
0 0 0 0 1389954 irq4 1391986 dispatch 1392164 
4 5 1 5 1392553 irq8 1394608 dispatch 1394784 
7 5 1 5 1395172 irq4 1397229 dispatch 1397405 
6 10 1 10 1397803 irq8 1399851 dispatch 1400027 
1 10 1 10 1400416 irq4 1402472 dispatch 1402648 
2 20 1 20 1403038 irq8 1405094 dispatch 1405270 
4 5 1 5 1405659 irq4 1407715 dispatch 1407892 
7 5 1 5 1408282 irq8 1410337 dispatch 1410512 
3 15 1 15 1410901 irq4 1412958 dispatch 1413135 
5 15 1 15 1413522 irq8 1415579 dispatch 1415756 
0 0 0 0 1416168 irq4 1418201 dispatch 1418377 
4 5 1 5 1418766 irq8 1420822 dispatch 1420998 
7 5 1 5 1421399 irq4 1423444 dispatch 1423619 
6 10 1 10 1424008 irq8 1426065 dispatch 1426241 
1 10 1 10 1426630 irq4 1428687 dispatch 1428863 
0 0 0 0 1429269 irq8 1431308 dispatch 1431485 
4 5 1 5 1431876 irq4 1433930 dispatch 1434105 
7 5 1 5 1434493 irq8 1436551 dispatch 1436727 
0 0 0 0 1437178 irq4 1439172 dispatch 1439349 
0 0 0 0 1439794 irq8 1441794 dispatch 1441968 
0 0 0 0 1442410 irq4 1444415 dispatch 1444591 
4 5 1 5 1444996 irq8 1447037 dispatch 1447213 
7 5 1 5 1447601 irq4 1449658 dispatch 1449833 
6 10 1 10 1450222 irq8 1452280 dispatch 1452456 
1 10 1 10 1452844 irq4 1454901 dispatch 1455077 
3 15 1 15 1455471 irq8 1457522 dispatch 1457699 
4 5 1 5 1458088 irq4 1460144 dispatch 1460320 
7 5 1 5 1460707 irq8 1462765 dispatch 1462942 
5 15 1 15 1463331 irq4 1465387 dispatch 1465563 
2 20 1 20 1465953 irq8 1468008 dispatch 1468184 
0 0 0 0 1468636 irq4 1470630 dispatch 1470806 
4 5 1 5 1471195 irq8 1473251 dispatch 1473428 
7 5 1 5 1473817 irq4 1475873 dispatch 1476048 
6 10 1 10 1476435 irq8 1478494 dispatch 1478670 
1 10 1 10 1479067 irq4 1481115 dispatch 1481292 
0 0 0 0 1481703 irq8 1483737 dispatch 1483914 
4 5 1 5 1484303 irq4 1486358 dispatch 1486534 
7 5 1 5 1486923 irq8 1488980 dispatch 1489155 
3 15 1 15 1489544 irq4 1491601 dispatch 1491777 
5 15 1 15 1492165 irq8 1494223 dispatch 1494400 
0 0 0 0 1494812 irq4 1496844 dispatch 1497020 
4 5 1 5 1497410 irq8 1499466 dispatch 1499642 
7 5 1 5 1500031 irq4 1502087 dispatch 1502263 
6 10 1 10 1502666 irq8 1504708 dispatch 1504885 
1 10 1 10 1505274 irq4 1507330 dispatch 1507505 
2 20 1 20 1507894 irq8 1509951 dispatch 1510129 
4 5 1 5 1510518 irq4 1512573 dispatch 1512749 
7 5 1 5 1513140 irq8 1515194 dispatch 1515372 
0 0 0 0 1515815 irq4 1517816 dispatch 1517992 
0 0 0 0 1518442 irq8 1520437 dispatch 1520614 
0 0 0 0 1521021 irq4 1523058 dispatch 1523236 
4 5 1 5 1523625 irq8 1525680 dispatch 1525857 
7 5 1 5 1526262 irq4 1528301 dispatch 1528479 
6 10 1 10 1528868 irq8 1530923 dispatch 1531100 
1 10 1 10 1531490 irq4 1533544 dispatch 1533721 
3 15 1 15 1534112 irq8 1536166 dispatch 1536340 
4 5 1 5 1536732 irq4 1538787 dispatch 1538963 
7 5 1 5 1539352 irq8 1541409 dispatch 1541584 
5 15 1 15 1541973 irq4 1544030 dispatch 1544206 
0 0 0 0 1544610 irq8 1546651 dispatch 1546828 
0 0 0 0 1547272 irq4 1549273 dispatch 1549449 
4 5 1 5 1549859 irq8 1551894 dispatch 1552071 
7 5 1 5 1552461 irq4 1554516 dispatch 1554693 
6 10 1 10 1555082 irq8 1557137 dispatch 1557313 
1 10 1 10 1557703 irq4 1559759 dispatch 1559936 
2 20 1 20 1560335 irq8 1562380 dispatch 1562556 
4 5 1 5 1562946 hf_selfid() 1563152 irq4 1565002 dispatch 1565177 
7 5 1 5 1565567 hf_selfid() 1565775 irq8 1567623 dispatch 1567800 
3 15 1 15 1568190 hf_selfid() 1568408 irq4 1570244 dispatch 1570421 
5 15 1 15 1570811 hf_selfid() 1571029 irq8 1572866 dispatch 1573041 
0 0 0 0 1573453 irq4 1575487 dispatch 1575664 
4 5 1 5 1576053 irq8 1578109 dispatch 1578285 
7 5 1 5 1578674 irq4 1580730 dispatch 1580907 
6 10 1 10 1581296 irq8 1583352 dispatch 1583529 
1 10 1 10 1583931 irq4 1585973 dispatch 1586150 
0 0 0 0 1586581 irq8 1588594 dispatch 1588771 
4 5 1 5 1589160 irq4 1591216 dispatch 1591392 
7 5 1 5 1591781 irq8 1593837 dispatch 1594014 
0 0 0 0 1594439 irq4 1596459 dispatch 1596636 
0 0 0 0 1597081 irq8 1599080 dispatch 1599257 
0 0 0 0 1599696 irq4 1601702 dispatch 1601877 
4 5 1 5 1602264 irq8 1604323 dispatch 1604499 
7 5 1 5 1604887 irq4 1606945 dispatch 1607120 
6 10 1 10 1607525 hf_selfid() 1607739 irq8 1609566 dispatch 1609743 
1 10 1 10 1610130 hf_selfid() 1610345 irq4 1612187 dispatch 1612365 
3 15 1 15 1612755 irq8 1614809 dispatch 1614986 
4 5 1 5 1615376 irq4 1617430 dispatch 1617608 
7 5 1 5 1618002 irq8 1620052 dispatch 1620228 
5 15 1 15 1620618 irq4 1622673 dispatch 1622850 
2 20 1 20 1623240 hf_selfid() 1623459 irq8 1625295 dispatch 1625472 
0 0 0 0 1625918 irq4 1627916 dispatch 1628094 
4 5 1 5 1628485 irq8 1630538 dispatch 1630715 
7 5 1 5 1631128 irq4 1633159 dispatch 1633337 
6 10 1 10 1633727 irq8 1635780 dispatch 1635959 
1 10 1 10 1636350 irq4 1638402 dispatch 1638576 
0 0 0 0 1639006 irq8 1641023 dispatch 1641200 
4 5 1 5 1641599 irq4 1643645 dispatch 1643822 
7 5 1 5 1644212 irq8 1646266 dispatch 1646444 
3 15 1 15 1646833 irq4 1648888 dispatch 1649064 
5 15 1 15 1649454 irq8 1651509 dispatch 1651687 
0 0 0 0 1652101 irq4 1654131 dispatch 1654309 
4 5 1 5 1654700 irq8 1656752 dispatch 1656930 
7 5 1 5 1657320 irq4 1659373 dispatch 1659551 
6 10 1 10 1659942 irq8 1661995 dispatch 1662173 
1 10 1 10 1662565 irq4 1664616 dispatch 1664793 
2 20 1 20 1665197 irq8 1667238 dispatch 1667415 
4 5 1 5 1667805 irq4 1669859 dispatch 1670037 
7 5 1 5 1670428 irq8 1672481 dispatch 1672658 
0 0 0 0 1673070 irq4 1675102 dispatch 1675281 
0 0 0 0 1675732 irq8 1677723 dispatch 1677902 
0 0 0 0 1678309 irq4 1680345 dispatch 1680522 
4 5 1 5 1680912 irq8 1682966 dispatch 1683144 
7 5 1 5 1683536 irq4 1685588 dispatch 1685766 
6 10 1 10 1686156 irq8 1688209 dispatch 1688387 
1 10 1 10 1688794 irq4 1690831 dispatch 1691009 
3 15 1 15 1691399 irq8 1693452 dispatch 1693630 
4 5 1 5 1694021 irq4 1696074 dispatch 1696250 
7 5 1 5 1696641 irq8 1698695 dispatch 1698873 
5 15 1 15 1699269 irq4 1701316 dispatch 1701495 
0 0 0 0 1701916 irq8 1703938 dispatch 1704115 
0 0 0 0 1704567 irq4 1706559 dispatch 1706738 
4 5 1 5 1707128 irq8 1709181 dispatch 1709359 
7 5 1 5 1709751 irq4 1711802 dispatch 1711981 
6 10 1 10 1712394 irq8 1714424 dispatch 1714602 
1 10 1 10 1714993 irq4 1717045 dispatch 1717223 
2 20 1 20 1717615 irq8 1719666 dispatch 1719846 
4 5 1 5 1720238 irq4 1722288 dispatch 1722465 
7 5 1 5 1722864 irq8 1724909 dispatch 1725088 
3 15 1 15 1725478 irq4 1727531 dispatch 1727710 
5 15 1 15 1728102 irq8 1730152 dispatch 1730331 
0 0 0 0 1730739 irq4 1732774 dispatch 1732952 
4 5 1 5 1733343 irq8 1735395 dispatch 1735574 
7 5 1 5 1735966 irq4 1738017 dispatch 1738195 
6 10 1 10 1738586 irq8 1740638 dispatch 1740818 
1 10 1 10 1741206 irq4 1743259 dispatch 1743438 
0 0 0 0 1743866 irq8 1745881 dispatch 1746060 
4 5 1 5 1746463 irq4 1748502 dispatch 1748680 
7 5 1 5 1749071 irq8 1751124 dispatch 1751302 
0 0 0 0 1751723 irq4 1753745 dispatch 1753923 
0 0 0 0 1754363 irq8 1756367 dispatch 1756546 
0 0 0 0 1756988 irq4 1758988 dispatch 1759167 
4 5 1 5 1759560 irq8 1761610 dispatch 1761787 
7 5 1 5 1762178 irq4 1764231 dispatch 1764409 
6 10 1 10 1764801 irq8 1766852 dispatch 1767031 
1 10 1 10 1767423 irq4 1769474 dispatch 1769651 
3 15 1 15 1770059 irq8 1772095 dispatch 1772274 
4 5 1 5 1772665 irq4 1774717 dispatch 1774896 
7 5 1 5 1775287 irq8 1777338 dispatch 1777517 
5 15 1 15 1777909 irq4 1779960 dispatch 1780138 
2 20 1 20 1780534 irq8 1782581 dispatch 1782760 
0 0 0 0 1783198 irq4 1785202 dispatch 1785381 
4 5 1 5 1785774 irq8 1787824 dispatch 1788003 
7 5 1 5 1788394 irq4 1790445 dispatch 1790625 
6 10 1 10 1791017 irq8 1793067 dispatch 1793245 
1 10 1 10 1793658 irq4 1795688 dispatch 1795866 
0 0 0 0 1796294 irq8 1798310 dispatch 1798489 
4 5 1 5 1798880 irq4 1800931 dispatch 1801110 
7 5 1 5 1801503 irq8 1803553 dispatch 1803730 
3 15 1 15 1804130 irq4 1806174 dispatch 1806352 
5 15 1 15 1806742 irq8 1808795 dispatch 1808974 
0 0 0 0 1809408 irq4 1811417 dispatch 1811595 
4 5 1 5 1811987 irq8 1814038 dispatch 1814217 
7 5 1 5 1814610 irq4 1816660 dispatch 1816838 
6 10 1 10 1817230 irq8 1819281 dispatch 1819459 
1 10 1 10 1819851 irq4 1821903 dispatch 1822082 
2 20 1 20 1822474 irq8 1824524 dispatch 1824702 
4 5 1 5 1825095 irq4 1827146 dispatch 1827325 
7 5 1 5 1827729 irq8 1829767 dispatch 1829946 
0 0 0 0 1830351 irq4 1832388 dispatch 1832567 
0 0 0 0 1833014 irq8 1835010 dispatch 1835188 
0 0 0 0 1835622 irq4 1837631 dispatch 1837810 
4 5 1 5 1838203 irq8 1840253 dispatch 1840431 
7 5 1 5 1840823 irq4 1842874 dispatch 1843054 
6 10 1 10 1843446 irq8 1845496 dispatch 1845674 
1 10 1 10 1846064 irq4 1848117 dispatch 1848295 
3 15 1 15 1848687 irq8 1850738 dispatch 1850917 
4 5 1 5 1851326 irq4 1853360 dispatch 1853539 
7 5 1 5 1853929 irq8 1855981 dispatch 1856161 
5 15 1 15 1856551 irq4 1858603 dispatch 1858781 
0 0 0 0 1859202 irq8 1861224 dispatch 1861402 
0 0 0 0 1861861 irq4 1863846 dispatch 1864024 
4 5 1 5 1864414 irq8 1866467 dispatch 1866646 
7 5 1 5 1867038 irq4 1869089 dispatch 1869266 
6 10 1 10 1869657 irq8 1871710 dispatch 1871890 
1 10 1 10 1872280 irq4 1874331 dispatch 1874510 
2 20 1 20 1874924 irq8 1876953 dispatch 1877132 
4 5 1 5 1877524 irq4 1879574 dispatch 1879754 
7 5 1 5 1880147 irq8 1882196 dispatch 1882375 
3 15 1 15 1882767 irq4 1884817 dispatch 1884995 
5 15 1 15 1885394 irq8 1887439 dispatch 1887618 
0 0 0 0 1888047 irq4 1890060 dispatch 1890239 
4 5 1 5 1890631 irq8 1892682 dispatch 1892860 
7 5 1 5 1893253 irq4 1895303 dispatch 1895482 
6 10 1 10 1895874 irq8 1897924 dispatch 1898103 
1 10 1 10 1898495 irq4 1900546 dispatch 1900724 
0 0 0 0 1901151 irq8 1903167 dispatch 1903347 
4 5 1 5 1903740 irq4 1905789 dispatch 1905968 
7 5 1 5 1906359 irq8 1908410 dispatch 1908590 
0 0 0 0 1909010 irq4 1911032 dispatch 1911212 
0 0 0 0 1911652 irq8 1913653 dispatch 1913832 
0 0 0 0 1914275 irq4 1916274 dispatch 1916454 
4 5 1 5 1916848 irq8 1918896 dispatch 1919076 
7 5 1 5 1919469 irq4 1921517 dispatch 1921696 
6 10 1 10 1922087 irq8 1924139 dispatch 1924318 
1 10 1 10 1924710 irq4 1926760 dispatch 1926938 
3 15 1 15 1927330 irq8 1929382 dispatch 1929560 
4 5 1 5 1929952 irq4 1932003 dispatch 1932182 
7 5 1 5 1932591 irq8 1934625 dispatch 1934803 
5 15 1 15 1935194 irq4 1937246 dispatch 1937425 
2 20 1 20 1937816 irq8 1939867 dispatch 1940047 
0 0 0 0 1940481 irq4 1942489 dispatch 1942668 
4 5 1 5 1943064 irq8 1945110 dispatch 1945290 
7 5 1 5 1945684 irq4 1947732 dispatch 1947910 
6 10 1 10 1948303 irq8 1950353 dispatch 1950533 
1 10 1 10 1950925 irq4 1952975 dispatch 1953153 
0 0 0 0 1953588 irq8 1955596 dispatch 1955776 
4 5 1 5 1956189 irq4 1958218 dispatch 1958397 
7 5 1 5 1958790 irq8 1960839 dispatch 1961018 
3 15 1 15 1961411 irq4 1963460 dispatch 1963640 
5 15 1 15 1964033 irq8 1966082 dispatch 1966258 
0 0 0 0 1966681 irq4 1968703 dispatch 1968881 
4 5 1 5 1969272 irq8 1971325 dispatch 1971503 
7 5 1 5 1971895 irq4 1973946 dispatch 1974125 
6 10 1 10 1974516 irq8 1976568 dispatch 1976746 
1 10 1 10 1977137 irq4 1979189 dispatch 1979368 
2 20 1 20 1979760 irq8 1981810 dispatch 1981990 
4 5 1 5 1982382 irq4 1984432 dispatch 1984610 
7 5 1 5 1985000 irq8 1987053 dispatch 1987232 
0 0 0 0 1987671 irq4 1989675 dispatch 1989854 
0 0 0 0 1990293 irq8 1992296 dispatch 1992475 
0 0 0 0 1992911 irq4 1994918 dispatch 1995097 
4 5 1 5 1995489 irq8 1997539 dispatch 1997718 
7 5 1 5 1998111 irq4 2000161 dispatch 2000338 
6 10 1 10 2000729 irq8 2002782 dispatch 2002961 
1 10 1 10 2003352 irq4 2005403 dispatch 2005582 
3 15 1 15 2005975 irq8 2008025 dispatch 2008203 
4 5 1 5 2008594 irq4 2010646 dispatch 2010825 
7 5 1 5 2011217 irq8 2013268 dispatch 2013447 
5 15 1 15 2013855 irq4 2015889 dispatch 2016068 
0 0 0 0 2016476 irq8 2018511 dispatch 2018690 
0 0 0 0 2019111 irq4 2021132 dispatch 2021311 
4 5 1 5 2021704 irq8 2023754 dispatch 2023933 
7 5 1 5 2024330 irq4 2026375 dispatch 2026554 
6 10 1 10 2026947 irq8 2028996 dispatch 2029175 
1 10 1 10 2029568 irq4 2031618 dispatch 2031796 
2 20 1 20 2032189 irq8 2034239 dispatch 2034419 
4 5 1 5 2034812 irq4 2036861 dispatch 2037040 
7 5 1 5 2037453 irq8 2039482 dispatch 2039662 
3 15 1 15 2040055 irq4 2042104 dispatch 2042283 
5 15 1 15 2042675 irq8 2044725 dispatch 2044905 
0 0 0 0 2045335 irq4 2047347 dispatch 2047527 
4 5 1 5 2047930 irq8 2049968 dispatch 2050146 
7 5 1 5 2050537 irq4 2052589 dispatch 2052768 
6 10 1 10 2053160 irq8 2055211 dispatch 2055390 
1 10 1 10 2055782 irq4 2057832 dispatch 2058011 
0 0 0 0 2058460 irq8 2060454 dispatch 2060633 
4 5 1 5 2061026 irq4 2063075 dispatch 2063255 
7 5 1 5 2063648 irq8 2065697 dispatch 2065876 
0 0 0 0 2066303 irq4 2068318 dispatch 2068498 
0 0 0 0 2068950 irq8 2070939 dispatch 2071120 
0 0 0 0 2071566 irq4 2073561 dispatch 2073742 
4 5 1 5 2074134 hf_selfid() 2074344 irq8 2076182 dispatch 2076362 
7 5 1 5 2076755 hf_selfid() 2076965 irq4 2078804 dispatch 2078983 
6 10 1 10 2079376 irq8 2081425 dispatch 2081604 
1 10 1 10 2081996 irq4 2084047 dispatch 2084226 
3 15 1 15 2084618 hf_selfid() 2084840 irq8 2086668 dispatch 2086847 
4 5 1 5 2087241 irq4 2089290 dispatch 2089468 
7 5 1 5 2089861 irq8 2091911 dispatch 2092091 
5 15 1 15 2092485 hf_selfid() 2092706 irq4 2094532 dispatch 2094712 
2 20 1 20 2095123 irq8 2097154 dispatch 2097332 
0 0 0 0 2097753 irq4 2099775 dispatch 2099954 
4 5 1 5 2100345 irq8 2102397 dispatch 2102578 
7 5 1 5 2102970 irq4 2105018 dispatch 2105199 
6 10 1 10 2105596 irq8 2107640 dispatch 2107820 
1 10 1 10 2108213 irq4 2110261 dispatch 2110442 
0 0 0 0 2110859 irq8 2112882 dispatch 2113062 
4 5 1 5 2113456 irq4 2115504 dispatch 2115684 
7 5 1 5 2116076 irq8 2118125 dispatch 2118306 
3 15 1 15 2118721 irq4 2120747 dispatch 2120927 
5 15 1 15 2121321 irq8 2123368 dispatch 2123549 
0 0 0 0 2123992 irq4 2125990 dispatch 2126170 
4 5 1 5 2126564 irq8 2128611 dispatch 2128792 
7 5 1 5 2129195 irq4 2131233 dispatch 2131412 
6 10 1 10 2131804 hf_selfid() 2132022 irq8 2133854 dispatch 2134035 
1 10 1 10 2134427 hf_selfid() 2134645 irq4 2136475 dispatch 2136656 
2 20 1 20 2137049 hf_selfid() 2137271 irq8 2139097 dispatch 2139278 
4 5 1 5 2139671 irq4 2141718 dispatch 2141899 
7 5 1 5 2142293 irq8 2144340 dispatch 2144520 
0 0 0 0 2144972 irq4 2146961 dispatch 2147141 
0 0 0 0 2147577 irq8 2149583 dispatch 2149765 
0 0 0 0 2150189 irq4 2152204 dispatch 2152384 
4 5 1 5 2152790 irq8 2154826 dispatch 2155006 
7 5 1 5 2155400 irq4 2157447 dispatch 2157628 
6 10 1 10 2158021 irq8 2160068 dispatch 2160249 
1 10 1 10 2160642 irq4 2162690 dispatch 2162869 
3 15 1 15 2163263 irq8 2165311 dispatch 2165492 
4 5 1 5 2165886 irq4 2167933 dispatch 2168114 
7 5 1 5 2168507 irq8 2170554 dispatch 2170736 
5 15 1 15 2171129 irq4 2173176 dispatch 2173357 
0 0 0 0 2173786 irq8 2175797 dispatch 2175979 
0 0 0 0 2176415 irq4 2178419 dispatch 2178599 
4 5 1 5 2178993 irq8 2181040 dispatch 2181221 
7 5 1 5 2181613 irq4 2183661 dispatch 2183843 
6 10 1 10 2184236 irq8 2186283 dispatch 2186463 
1 10 1 10 2186861 irq4 2188904 dispatch 2189084 
2 20 1 20 2189479 irq8 2191526 dispatch 2191706 
4 5 1 5 2192100 irq4 2194147 dispatch 2194328 
7 5 1 5 2194722 irq8 2196769 dispatch 2196949 
3 15 1 15 2197343 irq4 2199390 dispatch 2199572 
5 15 1 15 2199986 irq8 2202011 dispatch 2202192 
0 0 0 0 2202621 irq4 2204633 dispatch 2204814 
4 5 1 5 2205207 irq8 2207254 dispatch 2207436 
7 5 1 5 2207831 irq4 2209876 dispatch 2210057 
6 10 1 10 2210459 irq8 2212497 dispatch 2212677 
1 10 1 10 2213071 irq4 2215119 dispatch 2215300 
0 0 0 0 2215717 irq8 2217740 dispatch 2217921 
4 5 1 5 2218315 irq4 2220362 dispatch 2220543 
7 5 1 5 2220937 irq8 2222983 dispatch 2223165 
0 0 0 0 2223576 irq4 2225604 dispatch 2225785 
0 0 0 0 2226196 irq8 2228226 dispatch 2228406 
0 0 0 0 2228841 irq4 2230847 dispatch 2231029 
4 5 1 5 2231424 irq8 2233469 dispatch 2233650 
7 5 1 5 2234057 irq4 2236090 dispatch 2236272 
6 10 1 10 2236666 irq8 2238712 dispatch 2238894 
1 10 1 10 2239288 irq4 2241333 dispatch 2241514 
3 15 1 15 2241908 irq8 2243954 dispatch 2244136 
4 5 1 5 2244530 irq4 2246576 dispatch 2246756 
7 5 1 5 2247149 irq8 2249197 dispatch 2249379 
5 15 1 15 2249773 irq4 2251819 dispatch 2252001 
2 20 1 20 2252394 irq8 2254440 dispatch 2254620 
0 0 0 0 2255075 irq4 2257062 dispatch 2257242 
4 5 1 5 2257652 irq8 2259683 dispatch 2259864 
7 5 1 5 2260257 irq4 2262305 dispatch 2262485 
6 10 1 10 2262878 irq8 2264926 dispatch 2265107 
1 10 1 10 2265501 irq4 2267547 dispatch 2267729 
0 0 0 0 2268169 irq8 2270169 dispatch 2270350 
4 5 1 5 2270745 irq4 2272790 dispatch 2272972 
7 5 1 5 2273366 irq8 2275412 dispatch 2275593 
3 15 1 15 2275987 irq4 2278033 dispatch 2278215 
5 15 1 15 2278610 irq8 2280655 dispatch 2280836 
0 0 0 0 2281275 irq4 2283276 dispatch 2283458 
4 5 1 5 2283852 irq8 2285898 dispatch 2286079 
7 5 1 5 2286474 irq4 2288519 dispatch 2288701 
6 10 1 10 2289095 irq8 2291140 dispatch 2291323 
1 10 1 10 2291727