hf_schedlock() 25233 hf_spawn() 26029 hf_spawn() 26302 hf_spawn() 26572 hf_spawn() 26848 hf_spawn() 27131 hf_spawn() 27410 hf_spawn() 27689 irq8 28089 dispatch 28222 hf_schedlock() 28425 irq4 28838 dispatch 28970 
1 10 2 10 29294 hf_selfid() 29453 irq8 31459 dispatch 31593 
1 10 2 10 31906 irq4 34081 dispatch 34214 
2 30 5 30 34527 hf_selfid() 34693 irq8 36702 dispatch 36837 
2 30 5 30 37150 irq4 39323 dispatch 39458 
2 30 5 30 39771 irq8 41945 dispatch 42082 
2 30 5 30 42410 irq4 44566 dispatch 44703 
2 30 5 30 45020 irq8 47188 dispatch 47325 
4 30 6 30 47641 hf_selfid() 47810 irq4 49809 dispatch 49946 
4 30 6 30 50261 irq8 52431 dispatch 52569 
4 30 6 30 52886 irq4 55052 dispatch 55190 
1 10 2 10 55518 irq8 57674 dispatch 57811 
1 10 2 10 58128 irq4 60295 dispatch 60434 
4 30 6 30 60751 irq8 62916 dispatch 63055 
4 30 6 30 63373 irq4 65538 dispatch 65676 
4 30 6 30 65993 irq8 68159 dispatch 68299 
5 30 1 30 68624 hf_selfid() 68795 irq4 70781 dispatch 70921 
6 40 8 40 71238 hf_selfid() 71409 irq8 73402 dispatch 73542 
6 40 8 40 73861 irq4 76024 dispatch 76163 
6 40 8 40 76481 irq8 78645 dispatch 78785 
6 40 8 40 79103 irq4 81266 dispatch 81408 
1 10 2 10 81731 irq8 83888 dispatch 84029 
1 10 2 10 84349 irq4 86509 dispatch 86651 
6 40 8 40 86972 irq8 89131 dispatch 89273 
6 40 8 40 89594 irq4 91752 dispatch 91895 
6 40 8 40 92216 irq8 94374 dispatch 94517 
6 40 8 40 94838 irq4 96995 dispatch 97137 
3 50 10 50 97459 hf_selfid() 97639 irq8 99617 dispatch 99759 
3 50 10 50 100080 irq4 102238 dispatch 102385 
3 50 10 50 102710 irq8 104859 dispatch 105006 
3 50 10 50 105332 irq4 107481 dispatch 107628 
1 10 2 10 107953 irq8 110102 dispatch 110250 
1 10 2 10 110578 irq4 112724 dispatch 112871 
2 30 5 30 113198 irq8 115345 dispatch 115493 
2 30 5 30 115820 irq4 117967 dispatch 118115 
2 30 5 30 118443 irq8 120588 dispatch 120736 
2 30 5 30 121063 irq4 123210 dispatch 123357 
2 30 5 30 123698 irq8 125831 dispatch 125980 
4 30 6 30 126307 irq4 128452 dispatch 128601 
4 30 6 30 128929 irq8 131074 dispatch 131222 
4 30 6 30 131548 irq4 133695 dispatch 133844 
1 10 2 10 134172 irq8 136317 dispatch 136466 
1 10 2 10 136804 irq4 138938 dispatch 139088 
4 30 6 30 139416 irq8 141560 dispatch 141709 
4 30 6 30 142037 irq4 144181 dispatch 144330 
4 30 6 30 144657 irq8 146803 dispatch 146952 
5 30 1 30 147281 irq4 149424 dispatch 149574 
6 40 8 40 149909 irq8 152045 dispatch 152195 
6 40 8 40 152523 irq4 154667 dispatch 154816 
6 40 8 40 155144 irq8 157288 dispatch 157438 
6 40 8 40 157768 irq4 159910 dispatch 160060 
1 10 2 10 160388 irq8 162531 dispatch 162683 
1 10 2 10 163016 irq4 165153 dispatch 165303 
6 40 8 40 165633 irq8 167774 dispatch 167926 
6 40 8 40 168256 irq4 170395 dispatch 170547 
6 40 8 40 170877 irq8 173017 dispatch 173169 
6 40 8 40 173499 irq4 175638 dispatch 175790 
3 50 10 50 176122 irq8 178260 dispatch 178412 
3 50 10 50 178742 irq4 180881 dispatch 181032 
3 50 10 50 181362 irq8 183503 dispatch 183656 
3 50 10 50 183988 irq4 186124 dispatch 186276 
1 10 2 10 186606 irq8 188746 dispatch 188898 
1 10 2 10 189228 irq4 191367 dispatch 191520 
2 30 5 30 191851 irq8 193988 dispatch 194141 
2 30 5 30 194472 irq4 196610 dispatch 196761 
2 30 5 30 197091 irq8 199231 dispatch 199384 
2 30 5 30 199715 irq4 201853 dispatch 202005 
2 30 5 30 202336 irq8 204474 dispatch 204628 
4 30 6 30 204974 irq4 207096 dispatch 207248 
4 30 6 30 207579 irq8 209717 dispatch 209870 
4 30 6 30 210202 irq4 212338 dispatch 212493 
1 10 2 10 212826 irq8 214960 dispatch 215115 
1 10 2 10 215448 irq4 217581 dispatch 217737 
4 30 6 30 218080 irq8 220203 dispatch 220357 
4 30 6 30 220690 irq4 222824 dispatch 222979 
4 30 6 30 223312 irq8 225446 dispatch 225600 
5 30 1 30 225932 irq4 228067 dispatch 228222 
3 50 10 50 228555 irq8 230689 dispatch 230842 
3 50 10 50 231182 irq4 233310 dispatch 233465 
3 50 10 50 233799 irq8 235931 dispatch 236087 
3 50 10 50 236420 irq4 238553 dispatch 238708 
1 10 2 10 239042 irq8 241174 dispatch 241329 
1 10 2 10 241663 irq4 243796 dispatch 243951 
6 40 8 40 244288 irq8 246417 dispatch 246571 
6 40 8 40 246903 irq4 249039 dispatch 249194 
6 40 8 40 249527 irq8 251660 dispatch 251815 
6 40 8 40 252149 irq4 254282 dispatch 254436 
6 40 8 40 254770 irq8 256903 dispatch 257058 
6 40 8 40 257392 irq4 259524 dispatch 259680 
6 40 8 40 260014 irq8 262146 dispatch 262300 
6 40 8 40 262635 irq4 264767 dispatch 264923 
1 10 2 10 265257 irq8 267389 dispatch 267544 
1 10 2 10 267878 irq4 270010 dispatch 270166 
2 30 5 30 270500 irq8 272632 dispatch 272787 
2 30 5 30 273121 irq4 275253 dispatch 275408 
2 30 5 30 275742 irq8 277874 dispatch 278031 
2 30 5 30 278366 irq4 280496 dispatch 280651 
2 30 5 30 280985 irq8 283117 dispatch 283274 
4 30 6 30 283608 irq4 285739 dispatch 285895 
4 30 6 30 286244 irq8 288360 dispatch 288515 
4 30 6 30 288849 irq4 290982 dispatch 291137 
1 10 2 10 291472 irq8 293603 dispatch 293759 
1 10 2 10 294095 irq4 296225 dispatch 296380 
4 30 6 30 296714 irq8 298846 dispatch 299003 
4 30 6 30 299348 irq4 301467 dispatch 301624 
4 30 6 30 301958 irq8 304089 dispatch 304245 
5 30 1 30 304579 irq4 306710 dispatch 306867 
3 50 10 50 307204 irq8 309332 dispatch 309488 
3 50 10 50 309822 irq4 311953 dispatch 312110 
3 50 10 50 312452 irq8 314575 dispatch 314731 
3 50 10 50 315067 irq4 317196 dispatch 317353 
1 10 2 10 317689 irq8 319818 dispatch 319975 
1 10 2 10 320311 irq4 322439 dispatch 322596 
3 50 10 50 322932 irq8 325060 dispatch 325218 
3 50 10 50 325558 irq4 327682 dispatch 327838 
3 50 10 50 328173 irq8 330303 dispatch 330461 
3 50 10 50 330797 irq4 332925 dispatch 333082 
3 50 10 50 333417 irq8 335546 dispatch 335705 
3 50 10 50 336042 irq4 338168 dispatch 338325 
0 0 0 0 338698 irq8 340789 dispatch 340947 
0 0 0 0 341308 irq4 343410 dispatch 343569 
1 10 2 10 343906 irq8 346032 dispatch 346190 
1 10 2 10 346527 irq4 348653 dispatch 348812 
2 30 5 30 349148 irq8 351275 dispatch 351434 
2 30 5 30 351772 irq4 353896 dispatch 354054 
2 30 5 30 354391 irq8 356518 dispatch 356676 
2 30 5 30 357013 irq4 359139 dispatch 359298 
2 30 5 30 359635 irq8 361761 dispatch 361918 
4 30 6 30 362255 irq4 364382 dispatch 364541 
4 30 6 30 364879 irq8 367003 dispatch 367163 
4 30 6 30 367515 irq4 369625 dispatch 369783 
1 10 2 10 370120 irq8 372246 dispatch 372405 
1 10 2 10 372742 irq4 374868 dispatch 375026 
4 30 6 30 375364 irq8 377489 dispatch 377648 
4 30 6 30 377985 irq4 380111 dispatch 380270 
4 30 6 30 380619 irq8 382732 dispatch 382891 
5 30 1 30 383229 irq4 385354 dispatch 385512 
6 40 8 40 385848 irq8 387975 dispatch 388134 
6 40 8 40 388471 irq4 390596 dispatch 390755 
6 40 8 40 391092 irq8 393218 dispatch 393376 
6 40 8 40 393719 irq4 395839 dispatch 395999 
1 10 2 10 396337 irq8 398461 dispatch 398620 
1 10 2 10 398957 irq4 401082 dispatch 401241 
6 40 8 40 401578 irq8 403704 dispatch 403862 
6 40 8 40 404199 irq4 406325 dispatch 406484 
6 40 8 40 406824 irq8 408946 dispatch 409106 
6 40 8 40 409444 irq4 411568 dispatch 411728 
0 0 0 0 412107 irq8 414189 dispatch 414350 
0 0 0 0 414732 irq4 416811 dispatch 416971 
0 0 0 0 417339 irq8 419432 dispatch 419593 
0 0 0 0 419964 irq4 422054 dispatch 422214 
1 10 2 10 422554 irq8 424675 dispatch 424836 
1 10 2 10 425176 irq4 427297 dispatch 427457 
2 30 5 30 427796 irq8 429918 dispatch 430080 
2 30 5 30 430418 irq4 432539 dispatch 432700 
2 30 5 30 433040 irq8 435161 dispatch 435323 
2 30 5 30 435662 irq4 437782 dispatch 437943 
2 30 5 30 438283 irq8 440404 dispatch 440564 
4 30 6 30 440903 irq4 443025 dispatch 443186 
4 30 6 30 443526 irq8 445647 dispatch 445808 
4 30 6 30 446148 irq4 448268 dispatch 448428 
1 10 2 10 448782 irq8 450890 dispatch 451050 
1 10 2 10 451389 irq4 453511 dispatch 453672 
4 30 6 30 454012 irq8 456132 dispatch 456293 
4 30 6 30 456633 irq4 458754 dispatch 458914 
4 30 6 30 459253 irq8 461375 dispatch 461536 
5 30 1 30 461887 irq4 463997 dispatch 464159 
6 40 8 40 464498 irq8 466618 dispatch 466780 
6 40 8 40 467120 irq4 469240 dispatch 469401 
6 40 8 40 469740 irq8 471861 dispatch 472023 
6 40 8 40 472363 irq4 474482 dispatch 474644 
1 10 2 10 474991 irq8 477104 dispatch 477266 
1 10 2 10 477606 irq4 479725 dispatch 479888 
6 40 8 40 480228 irq8 482347 dispatch 482508 
6 40 8 40 482848 irq4 484968 dispatch 485129 
6 40 8 40 485469 irq8 487590 dispatch 487751 
6 40 8 40 488096 irq4 490211 dispatch 490373 
3 50 10 50 490714 irq8 492833 dispatch 492992 
3 50 10 50 493331 irq4 495454 dispatch 495615 
3 50 10 50 495956 irq8 498075 dispatch 498237 
3 50 10 50 498579 irq4 500697 dispatch 500858 
1 10 2 10 501199 irq8 503318 dispatch 503480 
1 10 2 10 503821 irq4 505940 dispatch 506101 
2 30 5 30 506442 irq8 508561 dispatch 508723 
2 30 5 30 509064 irq4 511183 dispatch 511346 
2 30 5 30 511688 irq8 513804 dispatch 513966 
2 30 5 30 514306 irq4 516426 dispatch 516587 
2 30 5 30 516928 irq8 519047 dispatch 519209 
4 30 6 30 519550 irq4 521668 dispatch 521830 
4 30 6 30 522172 irq8 524290 dispatch 524451 
4 30 6 30 524790 irq4 526911 dispatch 527073 
1 10 2 10 527413 irq8 529533 dispatch 529695 
1 10 2 10 530050 hf_selfid() 530245 irq4 532154 dispatch 532317 
4 30 6 30 532659 irq8 534776 dispatch 534938 
4 30 6 30 535278 irq4 537397 dispatch 537560 
4 30 6 30 537901 irq8 540019 dispatch 540181 
5 30 1 30 540521 irq4 542640 dispatch 542802 
3 50 10 50 543152 irq8 545261 dispatch 545424 
3 50 10 50 545764 irq4 547883 dispatch 548044 
3 50 10 50 548385 irq8 550504 dispatch 550666 
3 50 10 50 551007 irq4 553126 dispatch 553287 
1 10 2 10 553628 irq8 555747 dispatch 555910 
1 10 2 10 556259 irq4 558369 dispatch 558531 
6 40 8 40 558871 irq8 560990 dispatch 561153 
6 40 8 40 561492 irq4 563611 dispatch 563773 
6 40 8 40 564114 irq8 566233 dispatch 566396 
6 40 8 40 566737 irq4 568854 dispatch 569016 
6 40 8 40 569361 irq8 571476 dispatch 571639 
6 40 8 40 571980 hf_selfid() 572182 irq4 574097 dispatch 574259 
6 40 8 40 574599 irq8 576719 dispatch 576881 
6 40 8 40 577221 irq4 579340 dispatch 579502 
1 10 2 10 579843 irq8 581962 dispatch 582124 
1 10 2 10 582466 irq4 584583 dispatch 584745 
2 30 5 30 585086 hf_selfid() 585294 irq8 587204 dispatch 587367 
2 30 5 30 587708 irq4 589826 dispatch 589987 
2 30 5 30 590327 irq8 592447 dispatch 592610 
2 30 5 30 592951 irq4 595069 dispatch 595232 
2 30 5 30 595572 irq8 597690 dispatch 597853 
4 30 6 30 598196 hf_selfid() 598402 irq4 600312 dispatch 600475 
4 30 6 30 600816 irq8 602933 dispatch 603096 
4 30 6 30 603438 irq4 605554 dispatch 605718 
1 10 2 10 606060 irq8 608176 dispatch 608338 
1 10 2 10 608679 irq4 610797 dispatch 610961 
4 30 6 30 611316 irq8 613419 dispatch 613583 
4 30 6 30 613926 irq4 616040 dispatch 616202 
4 30 6 30 616542 irq8 618662 dispatch 618824 
5 30 1 30 619165 hf_selfid() 619374 irq4 621283 dispatch 621446 
3 50 10 50 621787 hf_selfid() 622001 irq8 623905 dispatch 624068 
3 50 10 50 624418 irq4 626526 dispatch 626689 
3 50 10 50 627029 irq8 629147 dispatch 629310 
3 50 10 50 629652 irq4 631769 dispatch 631932 
1 10 2 10 632274 irq8 634390 dispatch 634554 
1 10 2 10 634897 irq4 637012 dispatch 637175 
3 50 10 50 637524 irq8 639633 dispatch 639797 
3 50 10 50 640140 irq4 642255 dispatch 642418 
3 50 10 50 642759 irq8 644876 dispatch 645039 
3 50 10 50 645382 irq4 647498 dispatch 647661 
3 50 10 50 648004 irq8 650119 dispatch 650283 
3 50 10 50 650629 irq4 652740 dispatch 652905 
0 0 0 0 653270 irq8 655362 dispatch 655524 
0 0 0 0 655902 irq4 657983 dispatch 658147 
1 10 2 10 658489 irq8 660605 dispatch 660769 
1 10 2 10 661111 irq4 663226 dispatch 663390 
2 30 5 30 663733 irq8 665848 dispatch 666011 
2 30 5 30 666353 irq4 668469 dispatch 668633 
2 30 5 30 668976 irq8 671090 dispatch 671255 
2 30 5 30 671599 irq4 673712 dispatch 673876 
2 30 5 30 674219 irq8 676333 dispatch 676498 
4 30 6 30 676840 irq4 678955 dispatch 679119 
4 30 6 30 679463 irq8 681576 dispatch 681741 
4 30 6 30 682085 irq4 684198 dispatch 684362 
1 10 2 10 684705 irq8 686819 dispatch 686984 
1 10 2 10 687328 irq4 689441 dispatch 689604 
4 30 6 30 689947 irq8 692062 dispatch 692227 
4 30 6 30 692583 irq4 694683 dispatch 694848 
4 30 6 30 695192 irq8 697305 dispatch 697470 
5 30 1 30 697813 irq4 699926 dispatch 700091 
6 40 8 40 700436 irq8 702548 dispatch 702713 
6 40 8 40 703058 irq4 705169 dispatch 705334 
6 40 8 40 705687 irq8 707791 dispatch 707956 
6 40 8 40 708300 irq4 710412 dispatch 710576 
1 10 2 10 710920 irq8 713034 dispatch 713199 
1 10 2 10 713544 irq4 715655 dispatch 715821 
6 40 8 40 716166 irq8 718276 dispatch 718441 
6 40 8 40 718792 irq4 720898 dispatch 721061 
6 40 8 40 721403 irq8 723519 dispatch 723685 
6 40 8 40 724027 irq4 726141 dispatch 726306 
3 50 10 50 726649 irq8 728762 dispatch 728928 
3 50 10 50 729270 irq4 731384 dispatch 731549 
3 50 10 50 731896 irq8 734005 dispatch 734171 
3 50 10 50 734516 irq4 736627 dispatch 736792 
1 10 2 10 737137 irq8 739248 dispatch 739412 
1 10 2 10 739756 irq4 741869 dispatch 742035 
2 30 5 30 742379 irq8 744491 dispatch 744656 
2 30 5 30 745000 irq4 747112 dispatch 747278 
2 30 5 30 747622 irq8 749734 dispatch 749899 
2 30 5 30 750244 irq4 752355 dispatch 752521 
2 30 5 30 752865 irq8 754977 dispatch 755142 
4 30 6 30 755487 irq4 757598 dispatch 757765 
4 30 6 30 758107 irq8 760219 dispatch 760385 
4 30 6 30 760729 irq4 762841 dispatch 763007 
1 10 2 10 763351 irq8 765462 dispatch 765628 
1 10 2 10 765973 irq4 768084 dispatch 768247 
4 30 6 30 768590 irq8 770705 dispatch 770870 
4 30 6 30 771214 irq4 773327 dispatch 773492 
4 30 6 30 773850 irq8 775948 dispatch 776114 
5 30 1 30 776458 irq4 778570 dispatch 778734 
6 40 8 40 779078 irq8 781191 dispatch 781357 
6 40 8 40 781701 irq4 783812 dispatch 783978 
6 40 8 40 784323 irq8 786434 dispatch 786598 
6 40 8 40 786951 irq4 789055 dispatch 789220 
1 10 2 10 789563 irq8 791677 dispatch 791843 
1 10 2 10 792187 irq4 794298 dispatch 794463 
6 40 8 40 794807 irq8 796920 dispatch 797085 
6 40 8 40 797429 irq4 799541 dispatch 799707 
6 40 8 40 800059 irq8 802162 dispatch 802327 
6 40 8 40 802671 irq4 804784 dispatch 804949 
3 50 10 50 805292 irq8 807405 dispatch 807570 
3 50 10 50 807914 irq4 810027 dispatch 810193 
3 50 10 50 810538 irq8 812648 dispatch 812815 
3 50 10 50 813164 irq4 815270 dispatch 815436 
1 10 2 10 815782 irq8 817891 dispatch 818059 
1 10 2 10 818404 irq4 820513 dispatch 820678 
2 30 5 30 821022 irq8 823134 dispatch 823301 
2 30 5 30 823645 irq4 825755 dispatch 825922 
2 30 5 30 826267 irq8 828377 dispatch 828544 
2 30 5 30 828889 irq4 830998 dispatch 831165 
2 30 5 30 831512 irq8 833620 dispatch 833786 
4 30 6 30 834132 irq4 836241 dispatch 836407 
4 30 6 30 836753 irq8 838863 dispatch 839030 
4 30 6 30 839377 irq4 841484 dispatch 841651 
1 10 2 10 841996 irq8 844106 dispatch 844273 
1 10 2 10 844619 irq4 846727 dispatch 846894 
4 30 6 30 847239 irq8 849348 dispatch 849516 
4 30 6 30 849862 irq4 851970 dispatch 852136 
4 30 6 30 852481 irq8 854591 dispatch 854759 
5 30 1 30 855119 irq4 857213 dispatch 857380 
3 50 10 50 857726 irq8 859834 dispatch 860003 
3 50 10 50 860348 irq4 862456 dispatch 862623 
3 50 10 50 862968 irq8 865077 dispatch 865245 
3 50 10 50 865591 irq4 867698 dispatch 867866 
1 10 2 10 868223 irq8 870320 dispatch 870488 
1 10 2 10 870833 irq4 872941 dispatch 873109 
6 40 8 40 873455 irq8 875563 dispatch 875730 
6 40 8 40 876076 irq4 878184 dispatch 878352 
6 40 8 40 878698 irq8 880806 dispatch 880972 
6 40 8 40 881324 irq4 883427 dispatch 883594 
6 40 8 40 883940 irq8 886049 dispatch 886215 
6 40 8 40 886562 irq4 888670 dispatch 888838 
6 40 8 40 889183 irq8 891291 dispatch 891459 
6 40 8 40 891807 irq4 893913 dispatch 894081 
1 10 2 10 894431 irq8 896534 dispatch 896701 
1 10 2 10 897048 irq4 899156 dispatch 899324 
2 30 5 30 899670 irq8 901777 dispatch 901944 
2 30 5 30 902290 irq4 904399 dispatch 904566 
2 30 5 30 904912 irq8 907020 dispatch 907188 
2 30 5 30 907536 irq4 909642 dispatch 909808 
2 30 5 30 910155 irq8 912263 dispatch 912431 
4 30 6 30 912777 irq4 914884 dispatch 915052 
4 30 6 30 915400 irq8 917506 dispatch 917673 
4 30 6 30 918019 irq4 920127 dispatch 920295 
1 10 2 10 920642 irq8 922749 dispatch 922916 
1 10 2 10 923261 irq4 925370 dispatch 925538 
4 30 6 30 925883 irq8 927992 dispatch 928160 
4 30 6 30 928505 irq4 930613 dispatch 930780 
4 30 6 30 931127 irq8 933234 dispatch 933402 
5 30 1 30 933749 irq4 935856 dispatch 936024 
3 50 10 50 936383 irq8 938477 dispatch 938645 
3 50 10 50 938992 irq4 941099 dispatch 941267 
3 50 10 50 941614 irq8 943720 dispatch 943888 
3 50 10 50 944236 irq4 946342 dispatch 946510 
1 10 2 10 946857 irq8 948963 dispatch 949131 
1 10 2 10 949488 irq4 951585 dispatch 951753 
3 50 10 50 952100 irq8 954206 dispatch 954375 
3 50 10 50 954721 irq4 956827 dispatch 956995 
3 50 10 50 957342 irq8 959449 dispatch 959618 
3 50 10 50 959965 irq4 962070 dispatch 962238 
3 50 10 50 962592 irq8 964692 dispatch 964859 
3 50 10 50 965206 irq4 967313 dispatch 967481 
3 50 10 50 967828 irq8 969935 dispatch 970103 
3 50 10 50 970451 irq4 972556 dispatch 972725 
1 10 2 10 973073 irq8 975178 dispatch 975346 
1 10 2 10 975697 irq4 977799 dispatch 977967 
2 30 5 30 978314 irq8 980420 dispatch 980589 
2 30 5 30 980936 irq4 983042 dispatch 983208 
2 30 5 30 983552 irq8 985663 dispatch 985830 
2 30 5 30 986176 irq4 988285 dispatch 988452 
2 30 5 30 988798 irq8 990906 dispatch 991074 
4 30 6 30 991421 irq4 993528 dispatch 993695 
4 30 6 30 994041 irq8 996149 dispatch 996317 
4 30 6 30 996664 irq4 998770 dispatch 998938 
1 10 2 10 999285 irq8 1001392 dispatch 1001563 
1 10 2 10 1001913 irq4 1004013 dispatch 1004184 
4 30 6 30 1004533 irq8 1006635 dispatch 1006806 
4 30 6 30 1007157 irq4 1009256 dispatch 1009427 
4 30 6 30 1009778 irq8 1011878 dispatch 1012049 
5 30 1 30 1012399 irq4 1014499 dispatch 1014670 
6 40 8 40 1015021 irq8 1017121 dispatch 1017292 
6 40 8 40 1017656 irq4 1019742 dispatch 1019914 
6 40 8 40 1020265 irq8 1022363 dispatch 1022536 
6 40 8 40 1022888 irq4 1024985 dispatch 1025156 
1 10 2 10 1025505 irq8 1027606 dispatch 1027778 
1 10 2 10 1028129 irq4 1030228 dispatch 1030400 
6 40 8 40 1030760 irq8 1032849 dispatch 1033021 
6 40 8 40 1033372 irq4 1035471 dispatch 1035643 
6 40 8 40 1035994 irq8 1038092 dispatch 1038264 
6 40 8 40 1038615 irq4 1040714 dispatch 1040885 
3 50 10 50 1041235 irq8 1043335 dispatch 1043507 
3 50 10 50 1043866 irq4 1045956 dispatch 1046128 
0 0 0 0 1046507 irq8 1048578 dispatch 1048748 
0 0 0 0 1049140 irq4 1051199 dispatch 1051371 
1 10 2 10 1051721 hf_selfid() 1051931 irq8 1053821 dispatch 1053993 
1 10 2 10 1054343 irq4 1056442 dispatch 1056613 
2 30 5 30 1056967 irq8 1059064 dispatch 1059236 
2 30 5 30 1059585 irq4 1061685 dispatch 1061857 
2 30 5 30 1062207 irq8 1064306 dispatch 1064479 
2 30 5 30 1064830 irq4 1066928 dispatch 1067099 
2 30 5 30 1067449 irq8 1069549 dispatch 1069721 
4 30 6 30 1070072 irq4 1072171 dispatch 1072342 
4 30 6 30 1072692 irq8 1074792 dispatch 1074965 
4 30 6 30 1075317 irq4 1077414 dispatch 1077585 
1 10 2 10 1077936 irq8 1080035 dispatch 1080207 
1 10 2 10 1080558 irq4 1082657 dispatch 1082828 
4 30 6 30 1083178 irq8 1085278 dispatch 1085451 
4 30 6 30 1085800 irq4 1087899 dispatch 1088072 
4 30 6 30 1088421 irq8 1090521 dispatch 1090693 
5 30 1 30 1091043 irq4 1093142 dispatch 1093314 
6 40 8 40 1093665 hf_selfid() 1093880 irq8 1095764 dispatch 1095935 
6 40 8 40 1096287 irq4 1098385 dispatch 1098557 
6 40 8 40 1098922 irq8 1101007 dispatch 1101180 
6 40 8 40 1101532 irq4 1103628 dispatch 1103802 
1 10 2 10 1104154 irq8 1106250 dispatch 1106422 
1 10 2 10 1106774 irq4 1108871 dispatch 1109044 
6 40 8 40 1109396 irq8 1111492 dispatch 1111666 
6 40 8 40 1112030 irq4 1114114 dispatch 1114286 
6 40 8 40 1114637 irq8 1116735 dispatch 1116910 
6 40 8 40 1117262 irq4 1119357 dispatch 1119531 
3 50 10 50 1119884 irq8 1121978 dispatch 1122152 
3 50 10 50 1122503 hf_selfid() 1122721 irq4 1124600 dispatch 1124773 
3 50 10 50 1125132 irq8 1127221 dispatch 1127394 
3 50 10 50 1127746 irq4 1129842 dispatch 1130015 
1 10 2 10 1130368 irq8 1132464 dispatch 1132638 
1 10 2 10 1132990 irq4 1135085 dispatch 1135259 
2 30 5 30 1135612 hf_selfid() 1135832 irq8 1137707 dispatch 1137880 
2 30 5 30 1138236 irq4 1140328 dispatch 1140501 
2 30 5 30 1140853 irq8 1142950 dispatch 1143124 
2 30 5 30 1143477 irq4 1145571 dispatch 1145746 
2 30 5 30 1146099 irq8 1148193 dispatch 1148365 
4 30 6 30 1148717 hf_selfid() 1148936 irq4 1150814 dispatch 1150988 
4 30 6 30 1151340 irq8 1153435 dispatch 1153609 
4 30 6 30 1153960 irq4 1156057 dispatch 1156230 
1 10 2 10 1156581 irq8 1158678 dispatch 1158852 
1 10 2 10 1159204 irq4 1161300 dispatch 1161473 
4 30 6 30 1161825 irq8 1163921 dispatch 1164095 
4 30 6 30 1164447 irq4 1166543 dispatch 1166717 
4 30 6 30 1167070 irq8 1169164 dispatch 1169338 
5 30 1 30 1169690 hf_selfid() 1169909 irq4 1171786 dispatch 1171959 
3 50 10 50 1172312 irq8 1174407 dispatch 1174581 
3 50 10 50 1174933 irq4 1177028 dispatch 1177203 
3 50 10 50 1177556 irq8 1179650 dispatch 1179822 
3 50 10 50 1180188 irq4 1182271 dispatch 1182445 
1 10 2 10 1182797 irq8 1184893 dispatch 1185066 
1 10 2 10 1185418 irq4 1187514 dispatch 1187689 
6 40 8 40 1188041 irq8 1190136 dispatch 1190310 
6 40 8 40 1190662 irq4 1192757 dispatch 1192931 
6 40 8 40 1193295 irq8 1195378 dispatch 1195553 
6 40 8 40 1195906 irq4 1198000 dispatch 1198174 
6 40 8 40 1198526 irq8 1200621 dispatch 1200795 
6 40 8 40 1201148 irq4 1203243 dispatch 1203415 
6 40 8 40 1203767 irq8 1205864 dispatch 1206038 
6 40 8 40 1206399 irq4 1208486 dispatch 1208658 
1 10 2 10 1209011 irq8 1211107 dispatch 1211282 
1 10 2 10 1211635 irq4 1213729 dispatch 1213902 
2 30 5 30 1214255 irq8 1216350 dispatch 1216524 
2 30 5 30 1216875 irq4 1218971 dispatch 1219145 
2 30 5 30 1219502 irq8 1221593 dispatch 1221768 
2 30 5 30 1222119 irq4 1224214 dispatch 1224388 
2 30 5 30 1224741 irq8 1226836 dispatch 1227010 
4 30 6 30 1227364 irq4 1229457 dispatch 1229629 
4 30 6 30 1229981 irq8 1232079 dispatch 1232252 
4 30 6 30 1232604 irq4 1234700 dispatch 1234873 
1 10 2 10 1235226 irq8 1237322 dispatch 1237495 
1 10 2 10 1237848 irq4 1239943 dispatch 1240117 
4 30 6 30 1240469 irq8 1242564 dispatch 1242738 
4 30 6 30 1243091 irq4 1245186 dispatch 1245358 
4 30 6 30 1245711 irq8 1247807 dispatch 1247982 
5 30 1 30 1248336 irq4 1250429 dispatch 1250602 
3 50 10 50 1250954 irq8 1253050 dispatch 1253225 
3 50 10 50 1253576 irq4 1255672 dispatch 1255846 
3 50 10 50 1256197 irq8 1258293 dispatch 1258467 
3 50 10 50 1258820 irq4 1260914 dispatch 1261088 
1 10 2 10 1261455 irq8 1263536 dispatch 1263710 
1 10 2 10 1264063 irq4 1266157 dispatch 1266332 
3 50 10 50 1266684 irq8 1268779 dispatch 1268954 
3 50 10 50 1269307 irq4 1271400 dispatch 1271574 
3 50 10 50 1271928 irq8 1274022 dispatch 1274196 
3 50 10 50 1274559 irq4 1276643 dispatch 1276818 
3 50 10 50 1277171 irq8 1279265 dispatch 1279439 
3 50 10 50 1279794 irq4 1281886 dispatch 1282060 
0 0 0 0 1282460 irq8 1284507 dispatch 1284682 
0 0 0 0 1285053 irq4 1287129 dispatch 1287303 
1 10 2 10 1287664 irq8 1289750 dispatch 1289925 
1 10 2 10 1290279 irq4 1292372 dispatch 1292546 
2 30 5 30 1292900 irq8 1294993 dispatch 1295168 
2 30 5 30 1295521 irq4 1297615 dispatch 1297789 
2 30 5 30 1298143 irq8 1300236 dispatch 1300411 
2 30 5 30 1300770 irq4 1302858 dispatch 1303032 
2 30 5 30 1303387 irq8 1305479 dispatch 1305655 
4 30 6 30 1306008 irq4 1308100 dispatch 1308276 
4 30 6 30 1308630 irq8 1310722 dispatch 1310895 
4 30 6 30 1311248 irq4 1313343 dispatch 1313518 
1 10 2 10 1313872 irq8 1315965 dispatch 1316140 
1 10 2 10 1316493 irq4 1318586 dispatch 1318761 
4 30 6 30 1319114 irq8 1321208 dispatch 1321382 
4 30 6 30 1321736 irq4 1323829 dispatch 1324005 
4 30 6 30 1324358 irq8 1326450 dispatch 1326626 
5 30 1 30 1326980 irq4 1329072 dispatch 1329247 
6 40 8 40 1329601 irq8 1331693 dispatch 1331868 
6 40 8 40 1332221 irq4 1334315 dispatch 1334490 
6 40 8 40 1334844 irq8 1336936 dispatch 1337112 
6 40 8 40 1337466 irq4 1339558 dispatch 1339733 
1 10 2 10 1340087 irq8 1342179 dispatch 1342355 
1 10 2 10 1342724 irq4 1344801 dispatch 1344974 
6 40 8 40 1345328 irq8 1347422 dispatch 1347598 
6 40 8 40 1347951 irq4 1350043 dispatch 1350219 
6 40 8 40 1350574 irq8 1352665 dispatch 1352840 
6 40 8 40 1353194 irq4 1355286 dispatch 1355462 
3 50 10 50 1355827 irq8 1357908 dispatch 1358083 
3 50 10 50 1358437 irq4 1360529 dispatch 1360704 
3 50 10 50 1361057 irq8 1363151 dispatch 1363327 
3 50 10 50 1363682 irq4 1365772 dispatch 1365947 
1 10 2 10 1366302 irq8 1368394 dispatch 1368569 
1 10 2 10 1368931 irq4 1371015 dispatch 1371191 
2 30 5 30 1371547 irq8 1373636 dispatch 1373812 
2 30 5 30 1374167 irq4 1376258 dispatch 1376432 
2 30 5 30 1376785 irq8 1378879 dispatch 1379056 
2 30 5 30 1379410 irq4 1381501 dispatch 1381677 
2 30 5 30 1382036 irq8 1384122 dispatch 1384298 
4 30 6 30 1384652 irq4 1386744 dispatch 1386919 
4 30 6 30 1387274 irq8 1389365 dispatch 1389541 
4 30 6 30 1389897 irq4 1391987 dispatch 1392164 
1 10 2 10 1392519 irq8 1394608 dispatch 1394784 
1 10 2 10 1395138 irq4 1397229 dispatch 1397405 
4 30 6 30 1397760 irq8 1399851 dispatch 1400027 
4 30 6 30 1400382 irq4 1402472 dispatch 1402648 
4 30 6 30 1403003 irq8 1405094 dispatch 1405270 
5 30 1 30 1405625 irq4 1407715 dispatch 1407892 
6 40 8 40 1408248 irq8 1410337 dispatch 1410512 
6 40 8 40 1410867 irq4 1412958 dispatch 1413135 
6 40 8 40 1413488 irq8 1415579 dispatch 1415756 
6 40 8 40 1416111 irq4 1418201 dispatch 1418377 
1 10 2 10 1418732 irq8 1420822 dispatch 1420998 
1 10 2 10 1421353 irq4 1423444 dispatch 1423619 
6 40 8 40 1423988 irq8 1426065 dispatch 1426241 
6 40 8 40 1426596 irq4 1428687 dispatch 1428863 
6 40 8 40 1429218 irq8 1431308 dispatch 1431485 
6 40 8 40 1431841 irq4 1433930 dispatch 1434105 
3 50 10 50 1434459 irq8 1436551 dispatch 1436727 
3 50 10 50 1437093 irq4 1439172 dispatch 1439349 
3 50 10 50 1439705 irq8 1441794 dispatch 1441968 
3 50 10 50 1442322 irq4 1444415 dispatch 1444591 
1 10 2 10 1444945 irq8 1447037 dispatch 1447213 
1 10 2 10 1447567 irq4 1449658 dispatch 1449833 
2 30 5 30 1450195 irq8 1452280 dispatch 1452456 
2 30 5 30 1452810 irq4 1454901 dispatch 1455077 
2 30 5 30 1455432 irq8 1457522 dispatch 1457699 
2 30 5 30 1458054 irq4 1460144 dispatch 1460320 
2 30 5 30 1460673 irq8 1462765 dispatch 1462942 
4 30 6 30 1463301 irq4 1465387 dispatch 1465563 
4 30 6 30 1465919 irq8 1468008 dispatch 1468184 
4 30 6 30 1468540 irq4 1470630 dispatch 1470806 
1 10 2 10 1471161 irq8 1473251 dispatch 1473428 
1 10 2 10 1473784 irq4 1475873 dispatch 1476048 
4 30 6 30 1476402 irq8 1478494 dispatch 1478670 
4 30 6 30 1479024 irq4 1481115 dispatch 1481292 
4 30 6 30 1481646 irq8 1483737 dispatch 1483914 
5 30 1 30 1484269 irq4 1486358 dispatch 1486534 
3 50 10 50 1486889 irq8 1488980 dispatch 1489155 
3 50 10 50 1489510 irq4 1491601 dispatch 1491777 
3 50 10 50 1492131 irq8 1494223 dispatch 1494400 
3 50 10 50 1494754 irq4 1496844 dispatch 1497020 
1 10 2 10 1497375 irq8 1499466 dispatch 1499642 
1 10 2 10 1499997 irq4 1502087 dispatch 1502263 
6 40 8 40 1502619 irq8 1504708 dispatch 1504885 
6 40 8 40 1505255 irq4 1507330 dispatch 1507505 
6 40 8 40 1507860 irq8 1509951 dispatch 1510129 
6 40 8 40 1510484 irq4 1512573 dispatch 1512749 
6 40 8 40 1513105 irq8 1515194 dispatch 1515372 
6 40 8 40 1515728 irq4 1517816 dispatch 1517992 
6 40 8 40 1518359 irq8 1520437 dispatch 1520614 
6 40 8 40 1520970 irq4 1523058 dispatch 1523236 
1 10 2 10 1523591 irq8 1525680 dispatch 1525857 
1 10 2 10 1526212 irq4 1528301 dispatch 1528479 
2 30 5 30 1528835 irq8 1530923 dispatch 1531100 
2 30 5 30 1531464 irq4 1533544 dispatch 1533721 
2 30 5 30 1534078 irq8 1536166 dispatch 1536340 
2 30 5 30 1536694 irq4 1538787 dispatch 1538963 
2 30 5 30 1539318 irq8 1541409 dispatch 1541584 
4 30 6 30 1541939 irq4 1544030 dispatch 1544206 
4 30 6 30 1544564 irq8 1546651 dispatch 1546828 
4 30 6 30 1547183 irq4 1549273 dispatch 1549449 
1 10 2 10 1549804 irq8 1551894 dispatch 1552071 
1 10 2 10 1552427 hf_selfid() 1552636 irq4 1554516 dispatch 1554693 
4 30 6 30 1555049 irq8 1557137 dispatch 1557313 
4 30 6 30 1557669 irq4 1559759 dispatch 1559936 
4 30 6 30 1560292 irq8 1562380 dispatch 1562556 
5 30 1 30 1562912 irq4 1565002 dispatch 1565178 
3 50 10 50 1565533 irq8 1567623 dispatch 1567800 
3 50 10 50 1568156 irq4 1570244 dispatch 1570421 
3 50 10 50 1570777 irq8 1572866 dispatch 1573041 
3 50 10 50 1573395 irq4 1575487 dispatch 1575664 
1 10 2 10 1576019 irq8 1578109 dispatch 1578285 
1 10 2 10 1578640 irq4 1580730 dispatch 1580907 
3 50 10 50 1581261 irq8 1583352 dispatch 1583529 
3 50 10 50 1583884 irq4 1585973 dispatch 1586150 
0 0 0 0 1586568 irq8 1588594 dispatch 1588771 
0 0 0 0 1589173 irq4 1591216 dispatch 1591392 
0 0 0 0 1591783 irq8 1593837 dispatch 1594014 
0 0 0 0 1594386 irq4 1596459 dispatch 1596636 
0 0 0 0 1597021 irq8 1599080 dispatch 1599257 
0 0 0 0 1599642 irq4 1601702 dispatch 1601877 
1 10 2 10 1602230 irq8 1604323 dispatch 1604499 
1 10 2 10 1604853 irq4 1606945 dispatch 1607120 
2 30 5 30 1607474 irq8 1609566 dispatch 1609742 
2 30 5 30 1610096 irq4 1612187 dispatch 1612365 
2 30 5 30 1612728 irq8 1614809 dispatch 1614986 
2 30 5 30 1615342 irq4 1617430 dispatch 1617608 
2 30 5 30 1617964 irq8 1620052 dispatch 1620228 
4 30 6 30 1620584 irq4 1622673 dispatch 1622850 
4 30 6 30 1623206 irq8 1625295 dispatch 1625472 
4 30 6 30 1625833 irq4 1627916 dispatch 1628094 
1 10 2 10 1628451 irq8 1630538 dispatch 1630715 
1 10 2 10 1631073 irq4 1633159 dispatch 1633337 
4 30 6 30 1633694 irq8 1635780 dispatch 1635959 
4 30 6 30 1636316 irq4 1638402 dispatch 1638575 
4 30 6 30 1638931 irq8 1641023 dispatch 1641200 
5 30 1 30 1641556 irq4 1643645 dispatch 1643822 
6 40 8 40 1644178 hf_selfid() 1644400 irq8 1646266 dispatch 1646444 
6 40 8 40 1646799 irq4 1648888 dispatch 1649064 
6 40 8 40 1649420 irq8 1651509 dispatch 1651687 
6 40 8 40 1652043 irq4 1654131 dispatch 1654309 
1 10 2 10 1654666 irq8 1656752 dispatch 1656930 
1 10 2 10 1657286 irq4 1659373 dispatch 1659551 
6 40 8 40 1659908 irq8 1661995 dispatch 1662173 
6 40 8 40 1662531 irq4 1664616 dispatch 1664793 
6 40 8 40 1665149 irq8 1667238 dispatch 1667415 
6 40 8 40 1667785 irq4 1669859 dispatch 1670037 
3 50 10 50 1670394 hf_selfid() 1670624 irq8 1672481 dispatch 1672658 
3 50 10 50 1673013 irq4 1675102 dispatch 1675281 
3 50 10 50 1675636 irq8 1677723 dispatch 1677902 
3 50 10 50 1678260 irq4 1680345 dispatch 1680522 
1 10 2 10 1680888 irq8 1682966 dispatch 1683144 
1 10 2 10 1683502 irq4 1685588 dispatch 1685766 
2 30 5 30 1686122 hf_selfid() 1686346 irq8 1688209 dispatch 1688387 
2 30 5 30 1688744 irq4 1690831 dispatch 1691009 
2 30 5 30 1691365 irq8 1693452 dispatch 1693630 
2 30 5 30 1693995 irq4 1696074 dispatch 1696250 
2 30 5 30 1696607 irq8 1698695 dispatch 1698873 
4 30 6 30 1699231 hf_selfid() 1699454 irq4 1701316 dispatch 1701495 
4 30 6 30 1701853 irq8 1703938 dispatch 1704115 
4 30 6 30 1704472 irq4 1706559 dispatch 1706738 
1 10 2 10 1707098 irq8 1709181 dispatch 1709359 
1 10 2 10 1709717 irq4 1711802 dispatch 1711981 
4 30 6 30 1712339 irq8 1714424 dispatch 1714602 
4 30 6 30 1714959 irq4 1717045 dispatch 1717223 
4 30 6 30 1717581 irq8 1719667 dispatch 1719846 
5 30 1 30 1720205 hf_selfid() 1720430 irq4 1722288 dispatch 1722465 
6 40 8 40 1722821 irq8 1724909 dispatch 1725088 
6 40 8 40 1725444 irq4 1727531 dispatch 1727710 
6 40 8 40 1728068 irq8 1730152 dispatch 1730331 
6 40 8 40 1730689 irq4 1732774 dispatch 1732952 
1 10 2 10 1733309 irq8 1735395 dispatch 1735574 
1 10 2 10 1735932 irq4 1738017 dispatch 1738195 
6 40 8 40 1738552 irq8 1740638 dispatch 1740818 
6 40 8 40 1741172 irq4 1743259 dispatch 1743438 
6 40 8 40 1743795 irq8 1745881 dispatch 1746060 
6 40 8 40 1746416 irq4 1748502 dispatch 1748680 
3 50 10 50 1749051 irq8 1751124 dispatch 1751302 
3 50 10 50 1751660 irq4 1753745 dispatch 1753923 
3 50 10 50 1754280 irq8 1756367 dispatch 1756546 
3 50 10 50 1756904 irq4 1758988 dispatch 1759167 
1 10 2 10 1759526 irq8 1761610 dispatch 1761787 
1 10 2 10 1762155 irq4 1764231 dispatch 1764409 
2 30 5 30 1764767 irq8 1766852 dispatch 1767030 
2 30 5 30 1767389 irq4 1769474 dispatch 1769651 
2 30 5 30 1770007 irq8 1772095 dispatch 1772274 
2 30 5 30 1772631 irq4 1774717 dispatch 1774896 
2 30 5 30 1775260 irq8 1777338 dispatch 1777517 
4 30 6 30 1777875 irq4 1779960 dispatch 1780138 
4 30 6 30 1780496 irq8 1782581 dispatch 1782760 
4 30 6 30 1783117 irq4 1785202 dispatch 1785381 
1 10 2 10 1785740 irq8 1787824 dispatch 1788003 
1 10 2 10 1788364 irq4 1790445 dispatch 1790625 
4 30 6 30 1790983 irq8 1793067 dispatch 1793245 
4 30 6 30 1793603 irq4 1795688 dispatch 1795866 
4 30 6 30 1796224 irq8 1798310 dispatch 1798489 
5 30 1 30 1798846 irq4 1800931 dispatch 1801110 
3 50 10 50 1801469 irq8 1803553 dispatch 1803730 
3 50 10 50 1804087 irq4 1806174 dispatch 1806352 
3 50 10 50 1806708 irq8 1808795 dispatch 1808974 
3 50 10 50 1809332 irq4 1811417 dispatch 1811595 
1 10 2 10 1811953 irq8 1814038 dispatch 1814217 
1 10 2 10 1814576 irq4 1816660 dispatch 1816838 
6 40 8 40 1817196 irq8 1819281 dispatch 1819459 
6 40 8 40 1819817 irq4 1821903 dispatch 1822082 
6 40 8 40 1822440 irq8 1824524 dispatch 1824702 
6 40 8 40 1825060 irq4 1827146 dispatch 1827325 
6 40 8 40 1827683 irq8 1829767 dispatch 1829946 
6 40 8 40 1830319 irq4 1832388 dispatch 1832567 
6 40 8 40 1832926 irq8 1835010 dispatch 1835188 
6 40 8 40 1835546 irq4 1837631 dispatch 1837810 
1 10 2 10 1838168 irq8 1840253 dispatch 1840431 
1 10 2 10 1840789 irq4 1842874 dispatch 1843054 
2 30 5 30 1843422 irq8 1845496 dispatch 1845674 
2 30 5 30 1846030 irq4 1848117 dispatch 1848295 
2 30 5 30 1848653 irq8 1850738 dispatch 1850917 
2 30 5 30 1851275 irq4 1853360 dispatch 1853539 
2 30 5 30 1853895 irq8 1855981 dispatch 1856161 
4 30 6 30 1856524 irq4 1858603 dispatch 1858781 
4 30 6 30 1859138 irq8 1861224 dispatch 1861402 
4 30 6 30 1861761 irq4 1863846 dispatch 1864024 
1 10 2 10 1864380 irq8 1866467 dispatch 1866646 
1 10 2 10 1867004 irq4 1869089 dispatch 1869266 
4 30 6 30 1869626 irq8 1871710 dispatch 1871890 
4 30 6 30 1872246 irq4 1874331 dispatch 1874510 
4 30 6 30 1874869 irq8 1876953 dispatch 1877132 
5 30 1 30 1877489 irq4 1879574 dispatch 1879754 
3 50 10 50 1880113 irq8 1882196 dispatch 1882375 
3 50 10 50 1882733 irq4 1884817 dispatch 1884995 
3 50 10 50 1885352 irq8 1887439 dispatch 1887618 
3 50 10 50 1887976 irq4 1890060 dispatch 1890239 
1 10 2 10 1890597 irq8 1892682 dispatch 1892860 
1 10 2 10 1893219 irq4 1895303 dispatch 1895482 
3 50 10 50 1895840 irq8 1897924 dispatch 1898103 
3 50 10 50 1898461 irq4 1900546 dispatch 1900724 
3 50 10 50 1901081 irq8 1903167 dispatch 1903347 
3 50 10 50 1903706 irq4 1905789 dispatch 1905968 
3 50 10 50 1906325 irq8 1908410 dispatch 1908590 
3 50 10 50 1908948 irq4 1911032 dispatch 1911212 
0 0 0 0 1911602 irq8 1913653 dispatch 1913832 
0 0 0 0 1914228 irq4 1916274 dispatch 1916454 
1 10 2 10 1916813 irq8 1918896 dispatch 1919076 
1 10 2 10 1919435 irq4 1921517 dispatch 1921696 
2 30 5 30 1922053 irq8 1924139 dispatch 1924318 
2 30 5 30 1924687 irq4 1926760 dispatch 1926938 
2 30 5 30 1927296 irq8 1929382 dispatch 1929560 
2 30 5 30 1929918 irq4 1932003 dispatch 1932182 
2 30 5 30 1932540 irq8 1934625 dispatch 1934803 
4 30 6 30 1935161 irq4 1937246 dispatch 1937425 
4 30 6 30 1937789 irq8 1939867 dispatch 1940047 
4 30 6 30 1940404 irq4 1942489 dispatch 1942668 
1 10 2 10 1943026 irq8 1945110 dispatch 1945291 
1 10 2 10 1945650 irq4 1947732 dispatch 1947910 
4 30 6 30 1948269 irq8 1950353 dispatch 1950533 
4 30 6 30 1950895 irq4 1952975 dispatch 1953153 
4 30 6 30 1953512 irq8 1955596 dispatch 1955776 
5 30 1 30 1956134 irq4 1958218 dispatch 1958397 
6 40 8 40 1958756 irq8 1960839 dispatch 1961018 
6 40 8 40 1961377 irq4 1963460 dispatch 1963640 
6 40 8 40 1963999 irq8 1966082 dispatch 1966258 
6 40 8 40 1966614 irq4 1968703 dispatch 1968881 
1 10 2 10 1969237 irq8 1971325 dispatch 1971503 
1 10 2 10 1971861 irq4 1973946 dispatch 1974125 
6 40 8 40 1974482 irq8 1976568 dispatch 1976746 
6 40 8 40 1977103 irq4 1979189 dispatch 1979368 
6 40 8 40 1979725 irq8 1981810 dispatch 1981990 
6 40 8 40 1982348 irq4 1984432 dispatch 1984610 
0 0 0 0 1985015 irq8 1987053 dispatch 1987232 
0 0 0 0 1987618 irq4 1989675 dispatch 1989854 
0 0 0 0 1990241 irq8 1992296 dispatch 1992475 
0 0 0 0 1992903 irq4 1994918 dispatch 1995097 
1 10 2 10 1995455 irq8 1997539 dispatch 1997718 
1 10 2 10 1998077 irq4 2000161 dispatch 2000338 
2 30 5 30 2000694 irq8 2002782 dispatch 2002961 
2 30 5 30 2003318 irq4 2005403 dispatch 2005582 
2 30 5 30 2005951 irq8 2008025 dispatch 2008203 
2 30 5 30 2008560 irq4 2010646 dispatch 2010825 
2 30 5 30 2011183 irq8 2013268 dispatch 2013447 
4 30 6 30 2013804 irq4 2015889 dispatch 2016068 
4 30 6 30 2016425 irq8 2018511 dispatch 2018690 
4 30 6 30 2019056 irq4 2021132 dispatch 2021311 
1 10 2 10 2021670 irq8 2023754 dispatch 2023933 
1 10 2 10 2024292 irq4 2026375 dispatch 2026554 
4 30 6 30 2026913 irq8 2028996 dispatch 2029175 
4 30 6 30 2029534 irq4 2031618 dispatch 2031796 
4 30 6 30 2032158 irq8 2034239 dispatch 2034419 
5 30 1 30 2034778 irq4 2036861 dispatch 2037040 
6 40 8 40 2037398 irq8 2039482 dispatch 2039662 
6 40 8 40 2040021 irq4 2042104 dispatch 2042283 
6 40 8 40 2042641 irq8 2044725 dispatch 2044905 
6 40 8 40 2045265 irq4 2047346 dispatch 2047527 
1 10 2 10 2047887 irq8 2049968 dispatch 2050146 
1 10 2 10 2050503 irq4 2052589 dispatch 2052768 
6 40 8 40 2053126 irq8 2055211 dispatch 2055390 
6 40 8 40 2055748 irq4 2057832 dispatch 2058011 
6 40 8 40 2058370 irq8 2060454 dispatch 2060633 
6 40 8 40 2060992 irq4 2063075 dispatch 2063255 
3 50 10 50 2063614 irq8 2065697 dispatch 2065876 
3 50 10 50 2066234 irq4 2068318 dispatch 2068498 
3 50 10 50 2068855 irq8 2070939 dispatch 2071120 
3 50 10 50 2071479 irq4 2073561 dispatch 2073742 
1 10 2 10 2074114 hf_selfid() 2074332 irq8 2076182 dispatch 2076362 
1 10 2 10 2076721 irq4 2078804 dispatch 2078983 
2 30 5 30 2079342 irq8 2081425 dispatch 2081604 
2 30 5 30 2081962 irq4 2084047 dispatch 2084226 
2 30 5 30 2084584 irq8 2086668 dispatch 2086847 
2 30 5 30 2087217 irq4 2089290 dispatch 2089468 
2 30 5 30 2089827 irq8 2091911 dispatch 2092091 
4 30 6 30 2092451 irq4 2094532 dispatch 2094712 
4 30 6 30 2095072 irq8 2097154 dispatch 2097332 
4 30 6 30 2097689 irq4 2099775 dispatch 2099954 
1 10 2 10 2100318 irq8 2102397 dispatch 2102578 
1 10 2 10 2102936 irq4 2105018 dispatch 2105199 
4 30 6 30 2105558 irq8 2107640 dispatch 2107820 
4 30 6 30 2108180 irq4 2110261 dispatch 2110442 
4 30 6 30 2110801 irq8 2112882 dispatch 2113062 
5 30 1 30 2113425 irq4 2115504 dispatch 2115684 
3 50 10 50 2116042 irq8 2118125 dispatch 2118306 
3 50 10 50 2118666 irq4 2120747 dispatch 2120927 
3 50 10 50 2121287 irq8 2123368 dispatch 2123549 
3 50 10 50 2123909 irq4 2125990 dispatch 2126170 
1 10 2 10 2126530 irq8 2128611 dispatch 2128792 
1 10 2 10 2129152 irq4 2131233 dispatch 2131412 
6 40 8 40 2131770 irq8 2133854 dispatch 2134035 
6 40 8 40 2134393 irq4 2136475 dispatch 2136656 
6 40 8 40 2137014 irq8 2139097 dispatch 2139278 
6 40 8 40 2139637 irq4 2141718 dispatch 2141899 
6 40 8 40 2142259 irq8 2144340 dispatch 2144520 
6 40 8 40 2144879 hf_selfid() 2145098 irq4 2146961 dispatch 2147141 
6 40 8 40 2147501 irq8 2149583 dispatch 2149765 
6 40 8 40 2150125 irq4 2152204 dispatch 2152384 
1 10 2 10 2152743 irq8 2154826 dispatch 2155006 
1 10 2 10 2155380 irq4 2157447 dispatch 2157628 
2 30 5 30 2157987 irq8 2160068 dispatch 2160249 
2 30 5 30 2160608 irq4 2162690 dispatch 2162869 
2 30 5 30 2163228 irq8 2165311 dispatch 2165492 
2 30 5 30 2165852 irq4 2167933 dispatch 2168114 
2 30 5 30 2168484 irq8 2170554 dispatch 2170736 
4 30 6 30 2171095 irq4 2173176 dispatch 2173357 
4 30 6 30 2173716 irq8 2175797 dispatch 2175979 
4 30 6 30 2176340 irq4 2178418 dispatch 2178599 
1 10 2 10 2178958 irq8 2181040 dispatch 2181221 
1 10 2 10 2181587 irq4 2183661 dispatch 2183843 
4 30 6 30 2184202 irq8 2186283 dispatch 2186463 
4 30 6 30 2186823 irq4 2188904 dispatch 2189084 
4 30 6 30 2189444 irq8 2191526 dispatch 2191706 
5 30 1 30 2192066 irq4 2194147 dispatch 2194328 
3 50 10 50 2194692 hf_selfid() 2194925 irq8 2196769 dispatch 2196949 
3 50 10 50 2197308 irq4 2199390 dispatch 2199572 
3 50 10 50 2199931 irq8 2202011 dispatch 2202192 
3 50 10 50 2202551 irq4 2204633 dispatch 2204814 
1 10 2 10 2205173 irq8 2207254 dispatch 2207436 
1 10 2 10 2207797 irq4 2209876 dispatch 2210057 
3 50 10 50 2210416 irq8 2212497 dispatch 2212677 
3 50 10 50 2213037 irq4 2215119 dispatch 2215300 
3 50 10 50 2215660 irq8 2217740 dispatch 2217921 
3 50 10 50 2218280 irq4 2220362 dispatch 2220543 
3 50 10 50 2220903 irq8 2222983 dispatch 2223165 
3 50 10 50 2223526 irq4 2225604 dispatch 2225785 
0 0 0 0 2226180 irq8 2228226 dispatch 2228406 
0 0 0 0 2228795 irq4 2230847 dispatch 2231029 
1 10 2 10 2231389 irq8 2233469 dispatch 2233650 
1 10 2 10 2234010 irq4 2236090 dispatch 2236272 
2 30 5 30 2236645 hf_selfid() 2236873 irq8 2238712 dispatch 2238894 
2 30 5 30 2239254 irq4 2241333 dispatch 2241514 
2 30 5 30 2241874 irq8 2243954 dispatch 2244136 
2 30 5 30 2244496 irq4 2246576 dispatch 2246756 
2 30 5 30 2247116 irq8 2249197 dispatch 2249379 
4 30 6 30 2249750 hf_selfid() 2249975 irq4 2251819 dispatch 2252001 
4 30 6 30 2252361 irq8 2254440 dispatch 2254620 
4 30 6 30 2254980 irq4 2257062 dispatch 2257242 
1 10 2 10 2257601 irq8 2259683 dispatch 2259864 
1 10 2 10 2260224 irq4 2262305 dispatch 2262485 
4 30 6 30 2262851 irq8 2264926 dispatch 2265107 
4 30 6 30 2265467 irq4 2267547 dispatch 2267729 
4 30 6 30 2268088 irq8 2270169 dispatch 2270350 
5 30 1 30 2270711 hf_selfid() 2270939 irq4 2272790 dispatch 2272972 
6 40 8 40 2273332 irq8 2275412 dispatch 2275593 
6 40 8 40 2275957 irq4 2278033 dispatch 2278215 
6 40 8 40 2278576 irq8 2280655 dispatch 2280836 
6 40 8 40 2281196 irq4 2283276 dispatch 2283457 
1 10 2 10 2283818 irq8 2285898 dispatch 2286079 
1 10 2 10 2286440 irq4 2288519 dispatch 2288701 
6 40 8 40 2289061 irq8 2291140 dispatch 2291323 
6 40 8 40 2291684 irq4 2293762 dispatch 2293941 
6 40 8 40 2294300 irq8 2296383 dispatch 2296564 
6 40 8 40 2296924 irq4 2299005 dispatch 2299186 
3 50 10 50 2299546 irq8 2301626 dispatch 2301808 
3 50 10 50 2302167 irq4 2304248 dispatch 2304427 
3 50 10 50 2304786 irq8 2306869 dispatch 2307050 
3 50 10 50 2307410 irq4 2309491 dispatch 2309672 
1 10 2 10 2310032 irq8 2312112 dispatch 2312293 
1 10 2 10 2312652 irq4 2314733 dispatch 2314914 
2 30 5 30 2315274 irq8 2317355 dispatch 2317536 
2 30 5 30 2317910 irq4 2319976 dispatch 2320158 
2 30 5 30 2320518 irq8 2322598 dispatch 2322779 
2 30 5 30 2323139 irq4 2325219 dispatch 2325400 
2 30 5 30 2325760 irq8 2327841 dispatch 2328022 
4 30 6 30 2328381 irq4 2330462 dispatch 2330643 
4 30 6 30 2331013 irq8 2333083 dispatch 2333265 
4 30 6 30 2333626 irq4 2335705 dispatch 2335886 
1 10 2 10 2336247 irq8 2338326 dispatch 2338508 
1 10 2 10 2338869 irq4 2340948 dispatch 2341129 
4 30 6 30 2341489 irq8 2343569 dispatch 2343751 
4 30 6 30 2344119 irq4 2346191 dispatch 2346373 
4 30 6 30 2346733 irq8 2348812 dispatch 2348993 
5 30 1 30 2349354 irq4 2351434 dispatch 2351615 
6 40 8 40 2351977 irq8 2354055 dispatch 2354237 
6 40 8 40 2354599 irq4 2356676 dispatch 2356858 
6 40 8 40 2357222 irq8 2359298 dispatch 2359478 
6 40 8 40 2359838 irq4 2361919 dispatch 2362101 
1 10 2 10 2362460 irq8 2364541 dispatch 2364722 
1 10 2 10 2365083 irq4 2367162 dispatch 2367344 
6 40 8 40 2367704 irq8 2369784 dispatch 2369965 
6 40 8 40 2370324 irq4 2372405 dispatch 2372586 
6 40 8 40 2372946 irq8 2375026 dispatch 2375209 
6 40 8 40 2375569 irq4 2377648 dispatch 2377828 
3 50 10 50 2378187 irq8 2380269 dispatch 2380451 
3 50 10 50 2380811 irq4 2382891 dispatch 2383072 
3 50 10 50 2383432 irq8 2385512 dispatch 2385694 
3 50 10 50 2386056 irq4 2388134 dispatch 2388315 
1 10 2 10 2388676 irq8 2390755 dispatch 2390938 
1 10 2 10 2391299 irq4 2393377 dispatch 2393558 
2 30 5 30 2393920 irq8 2395998 dispatch 2396181 
2 30 5 30 2396540 irq4 2398619 dispatch 2398802 
2 30 5 30 2399176 irq8 2401241 dispatch 2401422 
2 30 5 30 2401781 irq4 2403862 dispatch 2404043 
2 30 5 30 2404404 irq8 2406484 dispatch 2406664 
4 30 6 30 2407023 irq4 2409105 dispatch 2409286 
4 30 6 30 2409645 irq8 2411727 dispatch 2411908 
4 30 6 30 2412279 irq4 2414348 dispatch 2414530 
1 10 2 10 2414890 irq8 2416970 dispatch 2417150 
1 10 2 10 2417510 irq4 2419591 dispatch 2419772 
4 30 6 30 2420132 irq8 2422212 dispatch 2422394 
4 30 6 30 2422756 irq4 2424834 dispatch 2425014 
4 30 6 30 2425381 irq8 2427455 dispatch 2427637 
5 30 1 30 2427997 irq4 2430077 dispatch 2430259 
3 50 10 50 2430620 irq8 2432698 dispatch 2432879 
3 50 10 50 2433239 irq4 2435320 dispatch 2435501 
3 50 10 50 2435861 irq8 2437941 dispatch 2438123 
3 50 10 50 2438488 irq4 2440562 dispatch 2440744 
1 10 2 10 2441104 irq8 2443184 dispatch 2443366 
1 10 2 10 2443726 irq4 2445805 dispatch 2445987 
6 40 8 40 2446348 irq8 2448427 dispatch 2448608 
6 40 8 40 2448968 irq4 2451048 dispatch 2451230 
6 40 8 40 2451591 irq8 2453670 dispatch 2453852 
6 40 8 40 2454212 irq4 2456291 dispatch 2456474 
6 40 8 40 2456835 irq8 2458913 dispatch 2459093 
6 40 8 40 2459452 irq4 2461534 dispatch 2461715 
6 40 8 40 2462074 irq8 2464155 dispatch 2464336 
6 40 8 40 2464696 irq4 2466777 dispatch 2466958 
1 10 2 10 2467318 irq8 2469398 dispatch 2469580 
1 10 2 10 2469941 irq4 2472020 dispatch 2472200 
2 30 5 30 2472560 irq8 2474641 dispatch 2474822 
2 30 5 30 2475182 irq4 2477263 dispatch 2477444 
2 30 5 30 2477805 irq8 2479884 dispatch 2480066 
2 30 5 30 2480439 irq4 2482506 dispatch 2482687 
2 30 5 30 2483047 irq8 2485127 dispatch 2485308 
4 30 6 30 2485669 irq4 2487748 dispatch 2487930 
4 30 6 30 2488291 irq8 2490370 dispatch 2490550 
4 30 6 30 2490910 irq4 2492991 dispatch 2493173 
1 10 2 10 2493544 irq8 2495613 dispatch 2495795 
1 10 2 10 2496156 irq4 2498234 dispatch 2498416 
4 30 6 30 2498775 irq8 2500856 dispatch 2501037 
4 30 6 30 2501397 irq4 2503477 dispatch 2503659 
4 30 6 30 2504020 irq8 2506098 dispatch 2506280 
5 30 1 30 2506648 irq4 2508720 dispatch 2508902 
3 50 10 50 2509260 irq8 2511341 dispatch 2511524 
3 50 10 50 2511884 irq4 2513963 dispatch 2514144 
3 50 10 50 2514504 irq8 2516584 dispatch 2516766 
3 50 10 50 2517127 irq4 2519206 dispatch 2519387 
1 10 2 10 2519751 irq8 2521827 dispatch 2522009 
1 10 2 10 2522369 irq4 2524449 dispatch 2524629 
3 50 10 50 2524990 irq8 2527070 dispatch 2527253 
3 50 10 50 2527612 irq4 2529691 dispatch 2529873 
3 50 10 50 2530233 irq8 2532313 dispatch 2532495 
3 50 10 50 2532856 irq4 2534934 dispatch 2535116 
3 50 10 50 2535477 irq8 2537556 dispatch 2537738 
3 50 10 50 2538099 irq4 2540177 dispatch 2540358 
3 50 10 50 2540719 irq8 2542799 dispatch 2542981 
3 50 10 50 2543343 irq4 2545420 dispatch 2545602 
1 10 2 10 2545963 irq8 2548042 dispatch 2548223 
1 10 2 10 2548585 irq4 2550663 dispatch 2550845 
2 30 5 30 2551207 irq8 2553284 dispatch 2553467 
2 30 5 30 2553829 irq4 2555906 dispatch 2556088 
2 30 5 30 2556448 irq8 2558527 dispatch 2558710 
2 30 5 30 2559073 irq4 2561149 dispatch 2561330 
2 30 5 30 2561704 irq8 2563770 dispatch 2563952 
4 30 6 30 2564312 irq4 2566392 dispatch 2566574 
4 30 6 30 2566934 irq8 2569013 dispatch 2569195 
4 30 6 30 2569557 irq4 2571634 dispatch 2571817 
1 10 2 10 2572179 irq8 2574256 dispatch 2574438 
1 10 2 10 2574809 hf_selfid() 2575024 irq4 2576877 dispatch 2577059 
4 30 6 30 2577420 irq8 2579499 dispatch 2579681 
4 30 6 30 2580042 irq4 2582120 dispatch 2582302 
4 30 6 30 2582664 irq8 2584742 dispatch 2584924 
5 30 1 30 2585285 irq4 2587363 dispatch 2587545 
6 40 8 40 2587914 irq8 2589985 dispatch 2590167 
6 40 8 40 2590528 irq4 2592606 dispatch 2592788 
6 40 8 40 2593148 irq8 2595227 dispatch 2595410 
6 40 8 40 2595771 irq4 2597849 dispatch 2598031 
1 10 2 10 2598393 irq8 2600470 dispatch 2600653 
1 10 2 10 2601019 irq4 2603092 dispatch 2603274 
6 40 8 40 2603636 irq8 2605713 dispatch 2605896 
6 40 8 40 2606258 irq4 2608335 dispatch 2608517 
6 40 8 40 2608879 irq8 2610956 dispatch 2611140 
6 40 8 40 2611503 irq4 2613578 dispatch 2613760 
3 50 10 50 2614121 irq8 2616199 dispatch 2616382 
3 50 10 50 2616744 irq4 2618820 dispatch 2619003 
0 0 0 0 2619414 irq8 2621442 dispatch 2621623 
0 0 0 0 2622032 irq4 2624063 dispatch 2624245 
1 10 2 10 2624604 irq8 2626685 dispatch 2626867 
1 10 2 10 2627228 irq4 2629306 dispatch 2629489 
2 30 5 30 2629849 irq8 2631928 dispatch 2632110 
2 30 5 30 2632471 irq4 2634549 dispatch 2634732 
2 30 5 30 2635093 irq8 2637170 dispatch 2637353 
2 30 5 30 2637715 irq4 2639792 dispatch 2639975 
2 30 5 30 2640337 irq8 2642413 dispatch 2642596 
4 30 6 30 2642970 irq4 2645035 dispatch 2645217 
4 30 6 30 2645579 irq8 2647656 dispatch 2647839 
4 30 6 30 2648202 irq4 2650278 dispatch 2650460 
1 10 2 10 2650821 irq8 2652899 dispatch 2653082 
1 10 2 10 2653445 irq4 2655521 dispatch 2655703 
4 30 6 30 2656076 irq8 2658142 dispatch 2658326 
4 30 6 30 2658687 irq4 2660763 dispatch 2660947 
4 30 6 30 2661309 irq8 2663385 dispatch 2663567 
5 30 1 30 2663928 irq4 2666006 dispatch 2666188 
6 40 8 40 2666550 hf_selfid() 2666777 irq8 2668628 dispatch 2668811 
6 40 8 40 2669179 irq4 2671249 dispatch 2671432 
6 40 8 40 2671794 irq8 2673871 dispatch 2674054 
6 40 8 40 2674416 irq4 2676492 dispatch 2676674 
1 10 2 10 2677036 irq8 2679114 dispatch 2679297 
1 10 2 10 2679658 irq4 2681735 dispatch 2681918 
6 40 8 40 2682285 irq8 2684356 dispatch 2684540 
6 40 8 40 2684902 irq4 2686978 dispatch 2687160 
6 40 8 40 2687522 irq8 2689599 dispatch 2689783 
6 40 8 40 2690144 irq4 2692221 dispatch 2692404 
3 50 10 50 2692765 irq8 2694842 dispatch 2695025 
3 50 10 50 2695387 hf_selfid() 2695614 irq4 2697464 dispatch 2697647 
3 50 10 50 2698008 irq8 2700085 dispatch 2700269 
3 50 10 50 2700632 irq4 2702707 dispatch 2702891 
1 10 2 10 2703254 irq8 2705328 dispatch 2705511 
1 10 2 10 2705873 irq4 2707949 dispatch 2708133 
2 30 5 30 2708495 irq8 2710571 dispatch 2710754 
2 30 5 30 2711117 irq4 2713192 dispatch 2713376 
2 30 5 30 2713739 irq8 2715814 dispatch 2715997 
2 30 5 30 2716360 irq4 2718435 dispatch 2718619 
2 30 5 30 2718982 irq8 2721057 dispatch 2721239 
4 30 6 30 2721601 irq4 2723678 dispatch 2723862 
4 30 6 30 2724236 irq8 2726299 dispatch 2726483 
4 30 6 30 2726844 irq4 2728921 dispatch 2729104 
1 10 2 10 2729466 irq8 2731542 dispatch 2731726 
1 10 2 10 2732089 irq4 2734164 dispatch 2734347 
4 30 6 30 2734709 irq8 2736785 dispatch 2736968 
4 30 6 30 2737341 irq4 2739407 dispatch 2739590 
4 30 6 30 2739952 irq8 2742028 dispatch 2742212 
5 30 1 30 2742575 irq4 2744650 dispatch 2744832 
3 50 10 50 2745193 irq8 2747271 dispatch 2747455 
3 50 10 50 2747818 irq4 2749892 dispatch 2750076 
3 50 10 50 2750447 irq8 2752514 dispatch 2752696 
3 50 10 50 2753057 irq4 2755135 dispatch 2755319 
1 10 2 10 2755681 irq8 2757757 dispatch 2757941 
1 10 2 10 2758304 irq4 2760378 dispatch 2760562 
6 40 8 40 2760923 irq8 2763000 dispatch 2763184 
6 40 8 40 2763550 irq4 2765621 dispatch 2765804 
6 40 8 40 2766165 irq8 2768242 dispatch 2768426 
6 40 8 40 2768788 irq4 2770864 dispatch 2771047 
6 40 8 40 2771409 irq8 2773485 dispatch 2773669 
6 40 8 40 2774032 irq4 2776107 dispatch 2776290 
6 40 8 40 2776653 irq8 2778728 dispatch 2778912 
6 40 8 40 2779276 irq4 2781350 dispatch 2781534 
1 10 2 10 2781897 irq8 2783971 dispatch 2784157 
1 10 2 10 2784520 irq4 2786593 dispatch 2786775 
2 30 5 30 2787137 hf_selfid() 2787366 irq8 2789214 dispatch 2789398 
2 30 5 30 2789760 irq4 2791835 dispatch 2792019 
2 30 5 30 2792381 irq8 2794457 dispatch 2794641 
2 30 5 30 2795003 irq4 2797078 dispatch 2797262 
2 30 5 30 2797625 irq8 2799700 dispatch 2799884 
4 30 6 30 2800247 hf_selfid() 2800475 irq4 2802321 dispatch 2802504 
4 30 6 30 2802867 irq8 2804943 dispatch 2805127 
4 30 6 30 2805503 irq4 2807564 dispatch 2807748 
1 10 2 10 2808111 irq8 2810186 dispatch 2810369 
1 10 2 10 2810732 irq4 2812807 dispatch 2812990 
4 30 6 30 2813354 irq8 2815428 dispatch 2815613 
4 30 6 30 2815978 irq4 2818050 dispatch 2818232 
4 30 6 30 2818604 irq8 2820671 dispatch 2820855 
5 30 1 30 2821217 hf_selfid() 2821445 irq4 2823293 dispatch 2823476 
3 50 10 50 2823839 irq8 2825914 dispatch 2826099 
3 50 10 50 2826461 irq4 2828536 dispatch 2828719 
3 50 10 50 2829082 irq8 2831157 dispatch 2831342 
3 50 10 50 2831712 irq4 2833778 dispatch 2833962 
1 10 2 10 2834325 irq8 2836400 dispatch 2836584 
1 10 2 10 2836945 irq4 2839021 dispatch 2839206 
3 50 10 50 2839568 irq8 2841643 dispatch 2841826 
3 50 10 50 2842188 irq4 2844264 dispatch 2844448 
3 50 10 50 2844814 irq8 2846886 dispatch 2847069 
3 50 10 50 2847431 irq4 2849507 dispatch 2849691 
3 50 10 50 2850054 irq8 2852129 dispatch 2852312 
3 50 10 50 2852675 irq4 2854750 dispatch 2854934 
0 0 0 0 2855351 irq8 2857371 dispatch 2857556 
0 0 0 0 2857973 irq4 2859993 dispatch 2860178 
1 10 2 10 2860540 irq8 2862614 dispatch 2862799 
1 10 2 10 2863163 irq4 2865236 dispatch 2865420 
2 30 5 30 2865784 irq8 2867857 dispatch 2868040 
2 30 5 30 2868401 irq4 2870479 dispatch 2870662 
2 30 5 30 2871025 irq8 2873100 dispatch 2873284 
2 30 5 30 2873647 irq4 2875722 dispatch 2875905 
2 30 5 30 2876268 irq8 2878343 dispatch 2878528 
4 30 6 30 2878891 irq4 2880964 dispatch 2881147 
4 30 6 30 2881509 irq8 2883586 dispatch 2883768 
4 30 6 30 2884129 irq4 2886207 dispatch 2886391 
1 10 2 10 2886768 irq8 2888829 dispatch 2889011 
1 10 2 10 2889373 irq4 2891450 dispatch 2891634 
4 30 6 30 2891996 irq8 2894072 dispatch 2894255 
4 30 6 30 2894617 irq4 2896693 dispatch 2896876 
4 30 6 30 2897238 irq8 2899314 dispatch 2899498 
5 30 1 30 2899871 irq4 2901936 dispatch 2902119 
6 40 8 40 2902482 irq8 2904557 dispatch 2904742 
6 40 8 40 2905104 irq4 2907179 dispatch 2907363 
6 40 8 40 2907726 irq8 2909800 dispatch 2909984 
6 40 8 40 2910347 irq4 2912422 dispatch 2912605 
1 10 2 10 2912974 irq8 2915043 dispatch 2915227 
1 10 2 10 2915590 irq4 2917665 dispatch 2917848 
6 40 8 40 2918211 irq8 2920286 dispatch 2920470 
6 40 8 40 2920831 irq4 2922907 dispatch 2923091 
6 40 8 40 2923454 irq8 2925529 dispatch 2925713 
6 40 8 40 2926079 irq4 2928150 dispatch 2928334 
3 50 10 50 2928697 irq8 2930772 dispatch 2930956 
3 50 10 50 2931319 irq4 2933393 dispatch 2933577 
3 50 10 50 2933939 irq8 2936015 dispatch 2936199 
3 50 10 50 2936563 irq4 2938636 dispatch 2938821 
1 10 2 10 2939185 irq8 2941258 dispatch 2941442 
1 10 2 10 2941805 irq4 2943879 dispatch 2944065 
2 30 5 30 2944426 irq8 2946500 dispatch 2946685 
2 30 5 30 2947048 irq4 2949122 dispatch 2949303 
2 30 5 30 2949665 irq8 2951743 dispatch 2951927 
2 30 5 30 2952290 irq4 2954365 dispatch 2954548 
2 30 5 30 2954911 irq8 2956986 dispatch 2957170 
4 30 6 30 2957532 irq4 2959608 dispatch 2959791 
4 30 6 30 2960154 irq8 2962229 dispatch 2962413 
4 30 6 30 2962776 irq4 2964850 dispatch 2965034 
1 10 2 10 2965397 irq8 2967472 dispatch 2967656 
1 10 2 10 2968033 irq4 2970093 dispatch 2970276 
4 30 6 30 2970638 irq8 2972715 dispatch 2972899 
4 30 6 30 2973261 irq4 2975336 dispatch 2975520 
4 30 6 30 2975883 irq8 2977958 dispatch 2978141 
5 30 1 30 2978504 irq4 2980579 dispatch 2980763 
6 40 8 40 2981137 irq8 2983201 dispatch 2983384 
6 40 8 40 2983746 irq4 2985822 dispatch 2986006 
6 40 8 40 2986368 irq8 2988443 dispatch 2988628 
6 40 8 40 2988991 irq4 2991065 dispatch 2991249 
1 10 2 10 2991612 irq8 2993686 dispatch 2993870 
1 10 2 10 2994241 irq4 2996308 dispatch 2996492 
6 40 8 40 2996854 irq8 2998929 dispatch 2999113 
6 40 8 40 2999476 irq4 3001551 dispatch 3001736 
6 40 8 40 3002099 irq8 3004172 dispatch 3004356 
6 40 8 40 3004720 irq4 3006794 dispatch 3006978 
3 50 10 50 3007345 irq8 3009415 dispatch 3009600 
3 50 10 50 3009962 irq4 3012036 dispatch 3012220 
3 50 10 50 3012584 irq8 3014658 dispatch 3014841 
3 50 10 50 3015204 irq4 3017279 dispatch 3017464 
1 10 2 10 3017828 irq8 3019901 dispatch 3020086 
1 10 2 10 3020450 irq4 3022522 dispatch 3022706 
2 30 5 30 3023070 irq8 3025144 dispatch 3025328 
2 30 5 30 3025691 irq4 3027765 dispatch 3027949 
2 30 5 30 3028313 irq8 3030386 dispatch 3030572 
2 30 5 30 3030937 irq4 3033008 dispatch 3033192 
2 30 5 30 3033556 irq8 3035629 dispatch 3035814 
4 30 6 30 3036178 irq4 3038251 dispatch 3038436 
4 30 6 30 3038799 irq8 3040872 dispatch 3041056 
4 30 6 30 3041420 irq4 3043494 dispatch 3043678 
1 10 2 10 3044041 irq8 3046115 dispatch 3046300 
1 10 2 10 3046665 irq4 3048737 dispatch 3048920 
4 30 6 30 3049298 irq8 3051358 dispatch 3051544 
4 30 6 30 3051906 irq4 3053979 dispatch 3054164 
4 30 6 30 3054527 irq8 3056601 dispatch 3056786 
5 30 1 30 3057149 irq4 3059222 dispatch 3059406 
3 50 10 50 3059770 irq8 3061844 dispatch 3062028 
3 50 10 50 3062402 irq4 3064465 dispatch 3064649 
3 50 10 50 3065011 irq8 3067087 dispatch 3067272 
3 50 10 50 3067636 irq4 3069708 dispatch 3069893 
1 10 2 10 3070258 irq8 3072330 dispatch 3072512 
1 10 2 10 3072873 irq4 3074951 dispatch 3075135 
6 40 8 40 3075506 irq8 3077572 dispatch 3077757 
6 40 8 40 3078121 irq4 3080194 dispatch 3080376 
6 40 8 40 3080738 irq8 3082815 dispatch 3082999 
6 40 8 40 3083362 irq4 3085437 dispatch 3085621 
6 40 8 40 3085983 irq8 3088058 dispatch 3088242 
6 40 8 40 3088608 irq4 3090680 dispatch 3090864 
6 40 8 40 3091227 irq8 3093301 dispatch 3093485 
6 40 8 40 3093849 irq4 3095922 dispatch 3096107 
1 10 2 10 3096471 hf_selfid() 3096694 irq8 3098544 dispatch 3098728 
1 10 2 10 3099091 irq4 3101165 dispatch 3101350 
2 30 5 30 3101715 irq8 3103787 dis