hf_schedlock() 25233 hf_spawn() 26029 hf_spawn() 26302 hf_spawn() 26575 hf_spawn() 26851 hf_spawn() 27126 hf_spawn() 27404 hf_spawn() 27694 irq8 28095 dispatch 28229 hf_schedlock() 28431 irq4 28838 dispatch 28970 
1 15 2 15 29294 hf_selfid() 29456 irq8 31459 dispatch 31593 
1 15 2 15 31906 irq4 34081 dispatch 34214 
3 20 2 20 34527 hf_selfid() 34690 irq8 36702 dispatch 36837 
3 20 2 20 37150 irq4 39323 dispatch 39458 
4 24 4 24 39771 hf_selfid() 39938 irq8 41945 dispatch 42082 
4 24 4 24 42410 irq4 44566 dispatch 44703 
4 24 4 24 45020 irq8 47188 dispatch 47325 
4 24 4 24 47641 irq4 49809 dispatch 49946 
2 30 1 30 50261 hf_selfid() 50429 irq8 52431 dispatch 52569 
6 40 5 40 52885 hf_selfid() 53054 irq4 55052 dispatch 55190 
6 40 5 40 55518 irq8 57674 dispatch 57811 
6 40 5 40 58128 irq4 60295 dispatch 60434 
6 40 5 40 60751 irq8 62916 dispatch 63055 
6 40 5 40 63373 irq4 65538 dispatch 65676 
5 100 9 100 65993 hf_selfid() 66175 irq8 68159 dispatch 68299 
1 15 2 15 68632 irq4 70781 dispatch 70921 
1 15 2 15 71238 irq8 73402 dispatch 73542 
5 100 9 100 73861 irq4 76024 dispatch 76163 
5 100 9 100 76481 irq8 78645 dispatch 78785 
5 100 9 100 79103 irq4 81266 dispatch 81408 
3 20 2 20 81743 irq8 83888 dispatch 84029 
3 20 2 20 84349 irq4 86509 dispatch 86651 
5 100 9 100 86971 irq8 89131 dispatch 89273 
5 100 9 100 89594 irq4 91752 dispatch 91895 
4 24 4 24 92233 irq8 94374 dispatch 94517 
4 24 4 24 94838 irq4 96995 dispatch 97137 
4 24 4 24 97459 irq8 99617 dispatch 99759 
4 24 4 24 100080 irq4 102238 dispatch 102385 
5 100 9 100 102710 irq8 104859 dispatch 105006 
5 100 9 100 105331 irq4 107481 dispatch 107628 
1 15 2 15 107974 irq8 110102 dispatch 110250 
1 15 2 15 110578 irq4 112724 dispatch 112871 
2 30 1 30 113198 irq8 115345 dispatch 115493 
5 100 9 100 115820 irq4 117967 dispatch 118115 
0 0 0 0 118479 irq8 120588 dispatch 120736 
0 0 0 0 121087 irq4 123210 dispatch 123357 
0 0 0 0 123739 irq8 125831 dispatch 125980 
0 0 0 0 126349 irq4 128452 dispatch 128601 
0 0 0 0 128958 irq8 131074 dispatch 131222 
0 0 0 0 131578 irq4 133695 dispatch 133844 
3 20 2 20 134192 irq8 136317 dispatch 136466 
3 20 2 20 136804 irq4 138938 dispatch 139088 
6 40 5 40 139416 irq8 141560 dispatch 141709 
6 40 5 40 142036 irq4 144181 dispatch 144330 
6 40 5 40 144657 irq8 146802 dispatch 146952 
1 15 2 15 147285 irq4 149424 dispatch 149574 
1 15 2 15 149909 irq8 152045 dispatch 152195 
6 40 5 40 152524 irq4 154667 dispatch 154816 
4 24 4 24 155156 irq8 157288 dispatch 157438 
4 24 4 24 157767 irq4 159910 dispatch 160060 
4 24 4 24 160388 irq8 162531 dispatch 162683 
4 24 4 24 163016 irq4 165153 dispatch 165303 
6 40 5 40 165633 irq8 167774 dispatch 167926 
0 0 0 0 168279 irq4 170395 dispatch 170547 
0 0 0 0 170913 irq8 173017 dispatch 173169 
0 0 0 0 173526 irq4 175638 dispatch 175790 
0 0 0 0 176164 irq8 178260 dispatch 178412 
0 0 0 0 178790 irq4 180881 dispatch 181032 
0 0 0 0 181379 irq8 183503 dispatch 183656 
0 0 0 0 184036 irq4 186124 dispatch 186276 
1 15 2 15 186623 irq8 188746 dispatch 188898 
1 15 2 15 189228 irq4 191367 dispatch 191520 
3 20 2 20 191851 irq8 193988 dispatch 194141 
3 20 2 20 194472 irq4 196610 dispatch 196761 
2 30 1 30 197091 irq8 199231 dispatch 199384 
0 0 0 0 199762 irq4 201853 dispatch 202005 
0 0 0 0 202371 irq8 204474 dispatch 204628 
0 0 0 0 204991 irq4 207096 dispatch 207248 
0 0 0 0 207608 irq8 209717 dispatch 209870 
0 0 0 0 210219 irq4 212338 dispatch 212493 
0 0 0 0 212843 irq8 214960 dispatch 215115 
0 0 0 0 215484 irq4 217581 dispatch 217737 
4 24 4 24 218098 irq8 220203 dispatch 220357 
4 24 4 24 220690 irq4 222824 dispatch 222979 
4 24 4 24 223312 irq8 225446 dispatch 225600 
1 15 2 15 225940 irq4 228067 dispatch 228222 
1 15 2 15 228556 hf_selfid() 229608 irq8 230689 dispatch 230842 
4 24 4 24 231182 irq4 233310 dispatch 233465 
0 0 0 0 233847 irq8 235931 dispatch 236087 
0 0 0 0 236450 irq4 238553 dispatch 238708 
3 20 2 20 239071 hf_selfid() 239269 irq8 241174 dispatch 241329 
3 20 2 20 241663 irq4 243796 dispatch 243951 
6 40 5 40 244288 irq8 246417 dispatch 246571 
6 40 5 40 246903 irq4 249039 dispatch 249194 
6 40 5 40 249527 irq8 251660 dispatch 251815 
6 40 5 40 252149 hf_selfid() 253212 irq4 254282 dispatch 254436 
6 40 5 40 254770 irq8 256903 dispatch 257058 
0 0 0 0 257422 irq4 259524 dispatch 259680 
0 0 0 0 260069 irq8 262146 dispatch 262300 
0 0 0 0 262668 irq4 264767 dispatch 264923 
1 15 2 15 265282 irq8 267389 dispatch 267544 
1 15 2 15 267877 irq4 270010 dispatch 270166 
2 30 1 30 270500 hf_selfid() 270701 irq8 272632 dispatch 272788 
0 0 0 0 273150 irq4 275253 dispatch 275408 
0 0 0 0 275790 irq8 277875 dispatch 278031 
0 0 0 0 278414 irq4 280496 dispatch 280651 
4 24 4 24 280997 hf_selfid() 281197 irq8 283117 dispatch 283274 
4 24 4 24 283608 irq4 285739 dispatch 285895 
4 24 4 24 286244 irq8 288360 dispatch 288515 
4 24 4 24 288849 irq4 290982 dispatch 291137 
3 20 2 20 291493 irq8 293603 dispatch 293759 
3 20 2 20 294095 irq4 296225 dispatch 296380 
5 100 9 100 296714 hf_selfid() 296929 irq8 298846 dispatch 299003 
5 100 9 100 299348 irq4 301467 dispatch 301624 
5 100 9 100 301958 irq8 304089 dispatch 304245 
1 15 2 15 304579 irq4 306710 dispatch 306867 
1 15 2 15 307204 irq8 309332 dispatch 309488 
5 100 9 100 309822 irq4 311953 dispatch 312110 
5 100 9 100 312452 irq8 314575 dispatch 314731 
5 100 9 100 315066 irq4 317196 dispatch 317353 
5 100 9 100 317689 irq8 319818 dispatch 319975 
5 100 9 100 320311 irq4 322439 dispatch 322596 
5 100 9 100 322932 irq8 325060 dispatch 325218 
0 0 0 0 325613 irq4 327682 dispatch 327838 
0 0 0 0 328225 irq8 330303 dispatch 330461 
0 0 0 0 330851 irq4 332925 dispatch 333082 
0 0 0 0 333435 irq8 335546 dispatch 335705 
0 0 0 0 336078 irq4 338168 dispatch 338325 
0 0 0 0 338697 irq8 340789 dispatch 340947 
0 0 0 0 341327 irq4 343410 dispatch 343569 
1 15 2 15 343906 irq8 346032 dispatch 346190 
1 15 2 15 346527 irq4 348653 dispatch 348812 
3 20 2 20 349148 irq8 351275 dispatch 351434 
3 20 2 20 351772 irq4 353896 dispatch 354054 
4 24 4 24 354391 irq8 356518 dispatch 356676 
4 24 4 24 357013 irq4 359139 dispatch 359298 
4 24 4 24 359635 irq8 361761 dispatch 361918 
4 24 4 24 362256 irq4 364382 dispatch 364541 
2 30 1 30 364879 irq8 367003 dispatch 367163 
6 40 5 40 367515 irq4 369625 dispatch 369783 
6 40 5 40 370119 irq8 372246 dispatch 372405 
6 40 5 40 372742 irq4 374868 dispatch 375026 
6 40 5 40 375364 irq8 377489 dispatch 377648 
6 40 5 40 377985 irq4 380111 dispatch 380270 
0 0 0 0 380674 irq8 382732 dispatch 382891 
1 15 2 15 383237 irq4 385354 dispatch 385512 
1 15 2 15 385848 irq8 387975 dispatch 388134 
0 0 0 0 388527 irq4 390596 dispatch 390755 
0 0 0 0 391109 irq8 393218 dispatch 393376 
0 0 0 0 393774 irq4 395839 dispatch 395999 
3 20 2 20 396349 irq8 398461 dispatch 398620 
3 20 2 20 398957 irq4 401082 dispatch 401241 
0 0 0 0 401633 irq8 403704 dispatch 403862 
0 0 0 0 404235 irq4 406325 dispatch 406484 
4 24 4 24 406841 irq8 408946 dispatch 409106 
4 24 4 24 409444 irq4 411568 dispatch 411728 
4 24 4 24 412066 irq8 414189 dispatch 414350 
4 24 4 24 414690 irq4 416811 dispatch 416970 
0 0 0 0 417363 irq8 419432 dispatch 419593 
0 0 0 0 419969 irq4 422054 dispatch 422214 
1 15 2 15 422575 irq8 424675 dispatch 424836 
1 15 2 15 425175 irq4 427297 dispatch 427457 
2 30 1 30 427796 irq8 429918 dispatch 430080 
0 0 0 0 430452 irq4 432539 dispatch 432700 
0 0 0 0 433076 irq8 435161 dispatch 435323 
0 0 0 0 435691 irq4 437782 dispatch 437943 
0 0 0 0 438325 irq8 440404 dispatch 440564 
0 0 0 0 440933 irq4 443025 dispatch 443186 
0 0 0 0 443580 irq8 445647 dispatch 445808 
0 0 0 0 446161 irq4 448268 dispatch 448428 
3 20 2 20 448807 hf_selfid() 449009 irq8 450890 dispatch 451050 
3 20 2 20 451389 irq4 453511 dispatch 453672 
6 40 5 40 454012 hf_selfid() 454219 irq8 456132 dispatch 456293 
6 40 5 40 456633 irq4 458754 dispatch 458914 
6 40 5 40 459253 irq8 461375 dispatch 461536 
1 15 2 15 461891 hf_selfid() 462093 irq4 463997 dispatch 464159 
1 15 2 15 464498 irq8 466618 dispatch 466779 
6 40 5 40 467121 irq4 469240 dispatch 469401 
4 24 4 24 469753 irq8 471861 dispatch 472023 
4 24 4 24 472363 irq4 474483 dispatch 474644 
4 24 4 24 474991 irq8 477104 dispatch 477266 
4 24 4 24 477606 irq4 479725 dispatch 479888 
6 40 5 40 480228 irq8 482347 dispatch 482508 
0 0 0 0 482885 irq4 484968 dispatch 485129 
0 0 0 0 485492 irq8 487590 dispatch 487751 
0 0 0 0 488113 irq4 490211 dispatch 490373 
0 0 0 0 490768 irq8 492833 dispatch 492992 
0 0 0 0 493384 irq4 495454 dispatch 495615 
0 0 0 0 495998 irq8 498075 dispatch 498237 
0 0 0 0 498631 irq4 500697 dispatch 500858 
1 15 2 15 501219 irq8 503318 dispatch 503480 
1 15 2 15 503821 irq4 505940 dispatch 506101 
3 20 2 20 506442 irq8 508561 dispatch 508723 
3 20 2 20 509064 irq4 511183 dispatch 511346 
2 30 1 30 511687 hf_selfid() 511895 irq8 513804 dispatch 513966 
0 0 0 0 514336 irq4 516426 dispatch 516587 
0 0 0 0 516969 irq8 519047 dispatch 519209 
0 0 0 0 519585 irq4 521668 dispatch 521830 
0 0 0 0 522195 irq8 524290 dispatch 524451 
0 0 0 0 524837 irq4 526911 dispatch 527073 
0 0 0 0 527468 irq8 529533 dispatch 529695 
0 0 0 0 530066 irq4 532154 dispatch 532317 
4 24 4 24 532680 hf_selfid() 532885 irq8 534776 dispatch 534938 
4 24 4 24 535278 irq4 537397 dispatch 537560 
4 24 4 24 537901 irq8 540018 dispatch 540181 
1 15 2 15 540533 irq4 542640 dispatch 542802 
1 15 2 15 543152 irq8 545261 dispatch 545424 
4 24 4 24 545764 irq4 547883 dispatch 548044 
0 0 0 0 548427 irq8 550504 dispatch 550666 
0 0 0 0 551024 irq4 553126 dispatch 553287 
3 20 2 20 553665 irq8 555747 dispatch 555910 
3 20 2 20 556259 irq4 558369 dispatch 558531 
6 40 5 40 558871 irq8 560990 dispatch 561153 
6 40 5 40 561492 irq4 563611 dispatch 563773 
6 40 5 40 564114 irq8 566233 dispatch 566396 
6 40 5 40 566737 irq4 568854 dispatch 569016 
6 40 5 40 569361 irq8 571476 dispatch 571639 
5 100 9 100 571980 hf_selfid() 572202 irq4 574097 dispatch 574259 
5 100 9 100 574599 irq8 576719 dispatch 576881 
5 100 9 100 577221 irq4 579340 dispatch 579502 
1 15 2 15 579860 irq8 581962 dispatch 582124 
1 15 2 15 582465 irq4 584583 dispatch 584745 
2 30 1 30 585086 irq8 587204 dispatch 587367 
5 100 9 100 587708 irq4 589826 dispatch 589987 
5 100 9 100 590327 irq8 592447 dispatch 592610 
5 100 9 100 592951 irq4 595069 dispatch 595232 
4 24 4 24 595580 irq8 597690 dispatch 597853 
4 24 4 24 598196 irq4 600312 dispatch 600475 
4 24 4 24 600816 irq8 602933 dispatch 603096 
4 24 4 24 603438 irq4 605554 dispatch 605718 
3 20 2 20 606064 irq8 608176 dispatch 608338 
3 20 2 20 608679 irq4 610797 dispatch 610961 
5 100 9 100 611316 irq8 613419 dispatch 613583 
5 100 9 100 613925 irq4 616040 dispatch 616202 
5 100 9 100 616542 irq8 618662 dispatch 618824 
1 15 2 15 619165 irq4 621283 dispatch 621446 
1 15 2 15 621787 irq8 623905 dispatch 624068 
0 0 0 0 624448 irq4 626526 dispatch 626689 
0 0 0 0 627072 irq8 629147 dispatch 629310 
0 0 0 0 629669 irq4 631769 dispatch 631932 
0 0 0 0 632299 irq8 634390 dispatch 634554 
0 0 0 0 634932 irq4 637012 dispatch 637175 
0 0 0 0 637554 irq8 639633 dispatch 639797 
0 0 0 0 640157 irq4 642255 dispatch 642418 
0 0 0 0 642783 irq8 644876 dispatch 645039 
0 0 0 0 645425 irq4 647498 dispatch 647661 
0 0 0 0 648021 irq8 650119 dispatch 650283 
0 0 0 0 650660 irq4 652740 dispatch 652905 
0 0 0 0 653269 irq8 655362 dispatch 655524 
0 0 0 0 655901 irq4 657983 dispatch 658147 
1 15 2 15 658489 irq8 660605 dispatch 660769 
1 15 2 15 661111 hf_selfid() 662273 irq4 663226 dispatch 663390 
3 20 2 20 663733 hf_selfid() 663940 irq8 665848 dispatch 666011 
3 20 2 20 666353 irq4 668469 dispatch 668633 
4 24 4 24 668976 irq8 671090 dispatch 671255 
4 24 4 24 671599 irq4 673712 dispatch 673876 
4 24 4 24 674219 irq8 676333 dispatch 676498 
4 24 4 24 676840 irq4 678955 dispatch 679119 
2 30 1 30 679463 irq8 681576 dispatch 681741 
6 40 5 40 682084 hf_selfid() 682293 irq4 684198 dispatch 684362 
6 40 5 40 684705 irq8 686819 dispatch 686984 
6 40 5 40 687327 irq4 689441 dispatch 689604 
6 40 5 40 689947 irq8 692062 dispatch 692227 
6 40 5 40 692583 irq4 694683 dispatch 694848 
0 0 0 0 695227 irq8 697305 dispatch 697470 
1 15 2 15 697821 irq4 699926 dispatch 700091 
1 15 2 15 700436 irq8 702548 dispatch 702713 
0 0 0 0 703101 irq4 705169 dispatch 705334 
0 0 0 0 705711 irq8 707791 dispatch 707956 
0 0 0 0 708348 irq4 710412 dispatch 710577 
3 20 2 20 710932 irq8 713034 dispatch 713199 
3 20 2 20 713543 irq4 715655 dispatch 715821 
0 0 0 0 716186 irq8 718276 dispatch 718442 
0 0 0 0 718816 irq4 720898 dispatch 721061 
4 24 4 24 721420 irq8 723519 dispatch 723685 
4 24 4 24 724027 irq4 726141 dispatch 726306 
4 24 4 24 726650 irq8 728762 dispatch 728928 
4 24 4 24 729271 irq4 731384 dispatch 731549 
0 0 0 0 731931 irq8 734005 dispatch 734171 
0 0 0 0 734571 irq4 736626 dispatch 736792 
1 15 2 15 737157 irq8 739248 dispatch 739412 
1 15 2 15 739756 irq4 741869 dispatch 742035 
2 30 1 30 742379 hf_selfid() 742590 irq8 744491 dispatch 744656 
0 0 0 0 745042 irq4 747112 dispatch 747278 
0 0 0 0 747646 irq8 749734 dispatch 749899 
0 0 0 0 750280 irq4 752355 dispatch 752521 
0 0 0 0 752902 irq8 754977 dispatch 755142 
0 0 0 0 755505 irq4 757598 dispatch 757765 
0 0 0 0 758143 irq8 760219 dispatch 760385 
0 0 0 0 760764 irq4 762841 dispatch 763007 
3 20 2 20 763376 irq8 765462 dispatch 765628 
3 20 2 20 765972 irq4 768084 dispatch 768247 
6 40 5 40 768590 irq8 770705 dispatch 770870 
6 40 5 40 771214 irq4 773327 dispatch 773492 
6 40 5 40 773850 irq8 775948 dispatch 776114 
1 15 2 15 776462 irq4 778570 dispatch 778734 
1 15 2 15 779078 irq8 781191 dispatch 781357 
6 40 5 40 781701 irq4 783812 dispatch 783978 
4 24 4 24 784340 hf_selfid() 784550 irq8 786434 dispatch 786598 
4 24 4 24 786951 irq4 789055 dispatch 789220 
4 24 4 24 789563 irq8 791677 dispatch 791843 
4 24 4 24 792187 irq4 794298 dispatch 794463 
6 40 5 40 794807 irq8 796920 dispatch 797085 
0 0 0 0 797471 irq4 799541 dispatch 799707 
0 0 0 0 800076 irq8 802163 dispatch 802327 
0 0 0 0 802706 irq4 804784 dispatch 804949 
0 0 0 0 805307 irq8 807405 dispatch 807570 
0 0 0 0 807937 irq4 810027 dispatch 810193 
0 0 0 0 810561 irq8 812648 dispatch 812815 
0 0 0 0 813188 irq4 815270 dispatch 815436 
1 15 2 15 815807 irq8 817891 dispatch 818059 
1 15 2 15 818404 irq4 820513 dispatch 820678 
3 20 2 20 821022 irq8 823134 dispatch 823301 
3 20 2 20 823645 irq4 825755 dispatch 825922 
2 30 1 30 826267 irq8 828377 dispatch 828544 
5 100 9 100 828888 hf_selfid() 829114 irq4 830998 dispatch 831165 
5 100 9 100 831512 irq8 833620 dispatch 833786 
5 100 9 100 834131 irq4 836241 dispatch 836407 
5 100 9 100 836753 irq8 838863 dispatch 839030 
5 100 9 100 839376 irq4 841484 dispatch 841651 
5 100 9 100 841996 irq8 844106 dispatch 844273 
5 100 9 100 844618 irq4 846727 dispatch 846894 
4 24 4 24 847256 irq8 849348 dispatch 849516 
4 24 4 24 849862 irq4 851970 dispatch 852136 
4 24 4 24 852481 irq8 854591 dispatch 854759 
1 15 2 15 855128 irq4 857213 dispatch 857380 
1 15 2 15 857726 irq8 859834 dispatch 860003 
4 24 4 24 860348 irq4 862456 dispatch 862623 
5 100 9 100 862968 irq8 865077 dispatch 865245 
5 100 9 100 865591 irq4 867698 dispatch 867866 
3 20 2 20 868252 hf_selfid() 868461 irq8 870320 dispatch 870488 
3 20 2 20 870833 irq4 872941 dispatch 873109 
6 40 5 40 873455 irq8 875563 dispatch 875730 
6 40 5 40 876076 irq4 878184 dispatch 878352 
6 40 5 40 878698 irq8 880806 dispatch 880972 
6 40 5 40 881324 hf_selfid() 882477 irq4 883427 dispatch 883594 
6 40 5 40 883940 irq8 886049 dispatch 886215 
0 0 0 0 886585 irq4 888670 dispatch 888838 
0 0 0 0 889225 irq8 891291 dispatch 891459 
0 0 0 0 891824 irq4 893913 dispatch 894081 
1 15 2 15 894447 hf_selfid() 894657 irq8 896534 dispatch 896701 
1 15 2 15 897048 irq4 899156 dispatch 899324 
2 30 1 30 899670 irq8 901777 dispatch 901944 
0 0 0 0 902307 irq4 904399 dispatch 904566 
0 0 0 0 904948 irq8 907020 dispatch 907188 
0 0 0 0 907572 irq4 909642 dispatch 909809 
4 24 4 24 910163 irq8 912263 dispatch 912431 
4 24 4 24 912777 irq4 914884 dispatch 915052 
4 24 4 24 915399 irq8 917506 dispatch 917673 
4 24 4 24 918019 irq4 920127 dispatch 920295 
3 20 2 20 920646 irq8 922749 dispatch 922916 
3 20 2 20 923261 irq4 925370 dispatch 925538 
0 0 0 0 925912 irq8 927992 dispatch 928160 
0 0 0 0 928546 irq4 930613 dispatch 930780 
0 0 0 0 931144 irq8 933234 dispatch 933402 
1 15 2 15 933749 irq4 935856 dispatch 936024 
1 15 2 15 936383 irq8 938477 dispatch 938645 
0 0 0 0 939047 irq4 941099 dispatch 941267 
0 0 0 0 941644 irq8 943720 dispatch 943888 
0 0 0 0 944276 irq4 946342 dispatch 946510 
0 0 0 0 946906 irq8 948963 dispatch 949131 
0 0 0 0 949524 irq4 951585 dispatch 951753 
0 0 0 0 952155 irq8 954206 dispatch 954375 
0 0 0 0 954749 irq4 956827 dispatch 956995 
0 0 0 0 957371 irq8 959449 dispatch 959618 
0 0 0 0 959999 irq4 962070 dispatch 962238 
0 0 0 0 962622 irq8 964692 dispatch 964859 
0 0 0 0 965246 irq4 967313 dispatch 967481 
0 0 0 0 967851 irq8 969935 dispatch 970103 
0 0 0 0 970480 irq4 972556 dispatch 972725 
1 15 2 15 973073 irq8 975178 dispatch 975346 
1 15 2 15 975697 irq4 977799 dispatch 977967 
3 20 2 20 978314 irq8 980420 dispatch 980589 
3 20 2 20 980936 irq4 983042 dispatch 983208 
4 24 4 24 983552 hf_selfid() 984735 irq8 985663 dispatch 985830 
4 24 4 24 986176 irq4 988285 dispatch 988452 
4 24 4 24 988798 irq8 990906 dispatch 991074 
4 24 4 24 991421 irq4 993528 dispatch 993695 
2 30 1 30 994041 hf_selfid() 994254 irq8 996149 dispatch 996317 
6 40 5 40 996664 irq4 998770 dispatch 998938 
6 40 5 40 999284 irq8 1001392 dispatch 1001563 
6 40 5 40 1001913 irq4 1004013 dispatch 1004184 
6 40 5 40 1004533 irq8 1006635 dispatch 1006806 
6 40 5 40 1007157 irq4 1009256 dispatch 1009427 
0 0 0 0 1009794 irq8 1011878 dispatch 1012049 
1 15 2 15 1012407 irq4 1014499 dispatch 1014670 
1 15 2 15 1015021 irq8 1017121 dispatch 1017292 
0 0 0 0 1017698 irq4 1019742 dispatch 1019914 
0 0 0 0 1020294 irq8 1022363 dispatch 1022536 
0 0 0 0 1022910 irq4 1024985 dispatch 1025156 
3 20 2 20 1025518 irq8 1027606 dispatch 1027778 
3 20 2 20 1028129 irq4 1030228 dispatch 1030400 
0 0 0 0 1030795 irq8 1032849 dispatch 1033021 
0 0 0 0 1033421 irq4 1035471 dispatch 1035643 
4 24 4 24 1036015 irq8 1038092 dispatch 1038264 
4 24 4 24 1038615 irq4 1040714 dispatch 1040885 
4 24 4 24 1041236 irq8 1043335 dispatch 1043507 
4 24 4 24 1043866 irq4 1045956 dispatch 1046128 
0 0 0 0 1046515 irq8 1048578 dispatch 1048748 
0 0 0 0 1049115 irq4 1051199 dispatch 1051371 
1 15 2 15 1051750 irq8 1053821 dispatch 1053993 
1 15 2 15 1054343 irq4 1056442 dispatch 1056613 
2 30 1 30 1056967 irq8 1059064 dispatch 1059236 
0 0 0 0 1059601 irq4 1061685 dispatch 1061857 
0 0 0 0 1062249 irq8 1064306 dispatch 1064479 
0 0 0 0 1064872 irq4 1066928 dispatch 1067099 
0 0 0 0 1067485 irq8 1069549 dispatch 1069721 
0 0 0 0 1070124 irq4 1072171 dispatch 1072342 
0 0 0 0 1072734 irq8 1074792 dispatch 1074965 
0 0 0 0 1075340 irq4 1077414 dispatch 1077585 
3 20 2 20 1077970 hf_selfid() 1078183 irq8 1080035 dispatch 1080207 
3 20 2 20 1080558 irq4 1082657 dispatch 1082828 
6 40 5 40 1083178 hf_selfid() 1083396 irq8 1085278 dispatch 1085451 
6 40 5 40 1085800 irq4 1087899 dispatch 1088072 
6 40 5 40 1088421 irq8 1090521 dispatch 1090693 
1 15 2 15 1091047 irq4 1093142 dispatch 1093314 
1 15 2 15 1093665 hf_selfid() 1094845 irq8 1095764 dispatch 1095935 
6 40 5 40 1096287 irq4 1098385 dispatch 1098557 
4 24 4 24 1098937 irq8 1101007 dispatch 1101180 
4 24 4 24 1101532 irq4 1103628 dispatch 1103802 
4 24 4 24 1104154 irq8 1106250 dispatch 1106422 
4 24 4 24 1106774 irq4 1108871 dispatch 1109044 
6 40 5 40 1109397 irq8 1111492 dispatch 1111666 
5 100 9 100 1112030 hf_selfid() 1112263 irq4 1114114 dispatch 1114286 
5 100 9 100 1114637 irq8 1116735 dispatch 1116910 
5 100 9 100 1117261 irq4 1119357 dispatch 1119531 
5 100 9 100 1119884 irq8 1121978 dispatch 1122152 
5 100 9 100 1122503 irq4 1124600 dispatch 1124773 
5 100 9 100 1125132 irq8 1127221 dispatch 1127394 
5 100 9 100 1127746 irq4 1129842 dispatch 1130015 
1 15 2 15 1130385 irq8 1132464 dispatch 1132638 
1 15 2 15 1132990 irq4 1135085 dispatch 1135259 
3 20 2 20 1135612 irq8 1137707 dispatch 1137880 
3 20 2 20 1138236 irq4 1140328 dispatch 1140501 
2 30 1 30 1140853 irq8 1142950 dispatch 1143124 
5 100 9 100 1143476 irq4 1145571 dispatch 1145746 
5 100 9 100 1146099 irq8 1148193 dispatch 1148365 
0 0 0 0 1148765 irq4 1150814 dispatch 1150988 
0 0 0 0 1151358 irq8 1153435 dispatch 1153609 
0 0 0 0 1154015 irq4 1156057 dispatch 1156230 
0 0 0 0 1156618 irq8 1158678 dispatch 1158852 
0 0 0 0 1159234 irq4 1161300 dispatch 1161473 
4 24 4 24 1161841 irq8 1163921 dispatch 1164095 
4 24 4 24 1164447 irq4 1166543 dispatch 1166717 
4 24 4 24 1167070 irq8 1169164 dispatch 1169338 
1 15 2 15 1169698 irq4 1171786 dispatch 1171959 
1 15 2 15 1172312 irq8 1174407 dispatch 1174581 
4 24 4 24 1174933 irq4 1177028 dispatch 1177203 
0 0 0 0 1177610 irq8 1179650 dispatch 1179823 
0 0 0 0 1180243 irq4 1182271 dispatch 1182445 
3 20 2 20 1182822 irq8 1184893 dispatch 1185066 
3 20 2 20 1185418 irq4 1187514 dispatch 1187689 
6 40 5 40 1188040 irq8 1190136 dispatch 1190310 
6 40 5 40 1190662 irq4 1192757 dispatch 1192931 
6 40 5 40 1193294 irq8 1195378 dispatch 1195553 
6 40 5 40 1195905 irq4 1198000 dispatch 1198174 
6 40 5 40 1198526 irq8 1200621 dispatch 1200795 
0 0 0 0 1201171 irq4 1203243 dispatch 1203415 
0 0 0 0 1203806 irq8 1205864 dispatch 1206038 
0 0 0 0 1206421 irq4 1208486 dispatch 1208658 
1 15 2 15 1209027 irq8 1211107 dispatch 1211282 
1 15 2 15 1211634 irq4 1213729 dispatch 1213902 
2 30 1 30 1214255 hf_selfid() 1214475 irq8 1216350 dispatch 1216524 
0 0 0 0 1216898 irq4 1218971 dispatch 1219145 
0 0 0 0 1219550 irq8 1221593 dispatch 1221768 
0 0 0 0 1222155 irq4 1224214 dispatch 1224388 
4 24 4 24 1224749 hf_selfid() 1224967 irq8 1226836 dispatch 1227010 
4 24 4 24 1227363 irq4 1229457 dispatch 1229629 
4 24 4 24 1229981 irq8 1232079 dispatch 1232252 
4 24 4 24 1232604 irq4 1234700 dispatch 1234874 
3 20 2 20 1235230 irq8 1237322 dispatch 1237495 
3 20 2 20 1237848 irq4 1239943 dispatch 1240117 
0 0 0 0 1240500 irq8 1242564 dispatch 1242738 
0 0 0 0 1243139 irq4 1245186 dispatch 1245358 
0 0 0 0 1245733 irq8 1247807 dispatch 1247982 
1 15 2 15 1248335 irq4 1250429 dispatch 1250602 
1 15 2 15 1250954 irq8 1253050 dispatch 1253225 
0 0 0 0 1253624 irq4 1255672 dispatch 1255846 
0 0 0 0 1256252 irq8 1258293 dispatch 1258467 
0 0 0 0 1258843 irq4 1260914 dispatch 1261088 
0 0 0 0 1261496 irq8 1263536 dispatch 1263710 
0 0 0 0 1264093 irq4 1266157 dispatch 1266332 
0 0 0 0 1266740 irq8 1268779 dispatch 1268954 
0 0 0 0 1269347 irq4 1271400 dispatch 1271574 
0 0 0 0 1271957 irq8 1274022 dispatch 1274196 
0 0 0 0 1274601 irq4 1276643 dispatch 1276818 
0 0 0 0 1277225 irq8 1279265 dispatch 1279439 
0 0 0 0 1279842 irq4 1281886 dispatch 1282060 
0 0 0 0 1282436 irq8 1284507 dispatch 1284682 
0 0 0 0 1285090 irq4 1287129 dispatch 1287303 
1 15 2 15 1287679 irq8 1289750 dispatch 1289925 
1 15 2 15 1290279 irq4 1292372 dispatch 1292546 
3 20 2 20 1292900 hf_selfid() 1293116 irq8 1294993 dispatch 1295168 
3 20 2 20 1295521 irq4 1297615 dispatch 1297789 
4 24 4 24 1298143 irq8 1300236 dispatch 1300411 
4 24 4 24 1300769 irq4 1302858 dispatch 1303032 
4 24 4 24 1303387 irq8 1305479 dispatch 1305655 
4 24 4 24 1306009 irq4 1308100 dispatch 1308276 
2 30 1 30 1308630 irq8 1310722 dispatch 1310895 
6 40 5 40 1311248 hf_selfid() 1311468 irq4 1313343 dispatch 1313518 
6 40 5 40 1313872 irq8 1315965 dispatch 1316140 
6 40 5 40 1316493 irq4 1318586 dispatch 1318761 
6 40 5 40 1319114 irq8 1321208 dispatch 1321382 
6 40 5 40 1321736 irq4 1323829 dispatch 1324005 
0 0 0 0 1324381 irq8 1326451 dispatch 1326626 
1 15 2 15 1326993 hf_selfid() 1327211 irq4 1329072 dispatch 1329247 
1 15 2 15 1329601 irq8 1331693 dispatch 1331868 
0 0 0 0 1332268 irq4 1334315 dispatch 1334490 
0 0 0 0 1334868 irq8 1336936 dispatch 1337112 
0 0 0 0 1337484 irq4 1339558 dispatch 1339733 
3 20 2 20 1340116 irq8 1342179 dispatch 1342355 
3 20 2 20 1342724 irq4 1344801 dispatch 1344974 
5 100 9 100 1345328 hf_selfid() 1345561 irq8 1347422 dispatch 1347598 
5 100 9 100 1347951 irq4 1350043 dispatch 1350219 
4 24 4 24 1350591 irq8 1352665 dispatch 1352840 
4 24 4 24 1353193 irq4 1355286 dispatch 1355462 
4 24 4 24 1355827 irq8 1357908 dispatch 1358083 
4 24 4 24 1358437 irq4 1360529 dispatch 1360704 
5 100 9 100 1361057 irq8 1363151 dispatch 1363327 
5 100 9 100 1363682 irq4 1365772 dispatch 1365947 
1 15 2 15 1366323 irq8 1368394 dispatch 1368569 
1 15 2 15 1368931 irq4 1371015 dispatch 1371191 
2 30 1 30 1371547 irq8 1373636 dispatch 1373812 
5 100 9 100 1374167 irq4 1376258 dispatch 1376432 
5 100 9 100 1376785 irq8 1378879 dispatch 1379056 
5 100 9 100 1379410 irq4 1381501 dispatch 1381677 
5 100 9 100 1382036 irq8 1384122 dispatch 1384298 
5 100 9 100 1384652 irq4 1386744 dispatch 1386919 
0 0 0 0 1387297 irq8 1389365 dispatch 1389541 
0 0 0 0 1389918 irq4 1391986 dispatch 1392164 
3 20 2 20 1392539 irq8 1394608 dispatch 1394784 
3 20 2 20 1395138 irq4 1397229 dispatch 1397405 
6 40 5 40 1397760 irq8 1399851 dispatch 1400027 
6 40 5 40 1400382 irq4 1402472 dispatch 1402648 
6 40 5 40 1403003 irq8 1405094 dispatch 1405270 
1 15 2 15 1405629 irq4 1407715 dispatch 1407892 
1 15 2 15 1408248 irq8 1410337 dispatch 1410512 
6 40 5 40 1410867 irq4 1412958 dispatch 1413135 
4 24 4 24 1413501 irq8 1415579 dispatch 1415756 
4 24 4 24 1416111 irq4 1418201 dispatch 1418377 
4 24 4 24 1418732 irq8 1420822 dispatch 1420998 
4 24 4 24 1421353 irq4 1423444 dispatch 1423619 
6 40 5 40 1423988 irq8 1426065 dispatch 1426241 
0 0 0 0 1426637 irq4 1428687 dispatch 1428863 
0 0 0 0 1429260 irq8 1431308 dispatch 1431485 
0 0 0 0 1431878 irq4 1433930 dispatch 1434105 
0 0 0 0 1434495 irq8 1436551 dispatch 1436727 
0 0 0 0 1437123 irq4 1439172 dispatch 1439349 
0 0 0 0 1439753 irq8 1441794 dispatch 1441968 
0 0 0 0 1442377 irq4 1444415 dispatch 1444591 
1 15 2 15 1444962 irq8 1447037 dispatch 1447213 
1 15 2 15 1447567 irq4 1449658 dispatch 1449833 
3 20 2 20 1450195 irq8 1452280 dispatch 1452456 
3 20 2 20 1452810 irq4 1454901 dispatch 1455077 
2 30 1 30 1455432 hf_selfid() 1455653 irq8 1457522 dispatch 1457699 
0 0 0 0 1458089 irq4 1460144 dispatch 1460320 
0 0 0 0 1460689 irq8 1462765 dispatch 1462942 
0 0 0 0 1463336 irq4 1465387 dispatch 1465563 
0 0 0 0 1465973 irq8 1468008 dispatch 1468184 
0 0 0 0 1468581 irq4 1470630 dispatch 1470806 
0 0 0 0 1471183 irq8 1473251 dispatch 1473428 
0 0 0 0 1473801 irq4 1475873 dispatch 1476048 
4 24 4 24 1476418 hf_selfid() 1476638 irq8 1478494 dispatch 1478670 
4 24 4 24 1479024 irq4 1481115 dispatch 1481292 
4 24 4 24 1481646 irq8 1483737 dispatch 1483914 
1 15 2 15 1484277 irq4 1486358 dispatch 1486534 
1 15 2 15 1486889 irq8 1488980 dispatch 1489155 
4 24 4 24 1489510 irq4 1491601 dispatch 1491777 
0 0 0 0 1492180 irq8 1494223 dispatch 1494400 
0 0 0 0 1494790 irq4 1496844 dispatch 1497020 
3 20 2 20 1497400 hf_selfid() 1497618 irq8 1499466 dispatch 1499642 
3 20 2 20 1499997 irq4 1502087 dispatch 1502263 
6 40 5 40 1502619 irq8 1504708 dispatch 1504885 
6 40 5 40 1505254 irq4 1507330 dispatch 1507505 
6 40 5 40 1507860 irq8 1509951 dispatch 1510129 
6 40 5 40 1510484 hf_selfid() 1511662 irq4 1512573 dispatch 1512749 
6 40 5 40 1513105 irq8 1515194 dispatch 1515372 
0 0 0 0 1515769 irq4 1517816 dispatch 1517992 
0 0 0 0 1518414 irq8 1520437 dispatch 1520614 
0 0 0 0 1521012 irq4 1523059 dispatch 1523236 
1 15 2 15 1523607 irq8 1525680 dispatch 1525857 
1 15 2 15 1526211 hf_selfid() 1527404 irq4 1528301 dispatch 1528479 
2 30 1 30 1528834 irq8 1530923 dispatch 1531100 
0 0 0 0 1531512 irq4 1533544 dispatch 1533721 
0 0 0 0 1534114 irq8 1536166 dispatch 1536340 
0 0 0 0 1536717 irq4 1538787 dispatch 1538963 
4 24 4 24 1539326 irq8 1541409 dispatch 1541584 
4 24 4 24 1541939 irq4 1544030 dispatch 1544206 
4 24 4 24 1544564 irq8 1546651 dispatch 1546828 
4 24 4 24 1547183 irq4 1549273 dispatch 1549449 
3 20 2 20 1549808 irq8 1551894 dispatch 1552071 
3 20 2 20 1552427 irq4 1554516 dispatch 1554693 
0 0 0 0 1555092 irq8 1557137 dispatch 1557313 
0 0 0 0 1557724 irq4 1559759 dispatch 1559936 
0 0 0 0 1560328 irq8 1562380 dispatch 1562556 
1 15 2 15 1562912 irq4 1565002 dispatch 1565177 
1 15 2 15 1565533 irq8 1567623 dispatch 1567800 
0 0 0 0 1568204 irq4 1570244 dispatch 1570421 
0 0 0 0 1570799 irq8 1572866 dispatch 1573041 
0 0 0 0 1573411 irq4 1575487 dispatch 1575664 
0 0 0 0 1576060 irq8 1578109 dispatch 1578285 
0 0 0 0 1578657 irq4 1580730 dispatch 1580907 
0 0 0 0 1581309 irq8 1583352 dispatch 1583529 
0 0 0 0 1583925 irq4 1585973 dispatch 1586150 
0 0 0 0 1586560 irq8 1588594 dispatch 1588771 
0 0 0 0 1589181 irq4 1591216 dispatch 1591392 
0 0 0 0 1591794 irq8 1593837 dispatch 1594014 
0 0 0 0 1594410 irq4 1596459 dispatch 1596636 
0 0 0 0 1597015 irq8 1599080 dispatch 1599257 
0 0 0 0 1599680 irq4 1601702 dispatch 1601877 
1 15 2 15 1602230 irq8 1604323 dispatch 1604499 
1 15 2 15 1604853 irq4 1606945 dispatch 1607120 
3 20 2 20 1607474 irq8 1609566 dispatch 1609742 
3 20 2 20 1610096 irq4 1612187 dispatch 1612365 
4 24 4 24 1612728 irq8 1614809 dispatch 1614986 
4 24 4 24 1615342 irq4 1617430 dispatch 1617608 
4 24 4 24 1617964 irq8 1620052 dispatch 1620228 
4 24 4 24 1620584 irq4 1622673 dispatch 1622850 
2 30 1 30 1623206 irq8 1625295 dispatch 1625472 
6 40 5 40 1625832 irq4 1627916 dispatch 1628094 
6 40 5 40 1628451 irq8 1630538 dispatch 1630715 
6 40 5 40 1631073 irq4 1633159 dispatch 1633337 
6 40 5 40 1633693 irq8 1635780 dispatch 1635959 
6 40 5 40 1636316 irq4 1638402 dispatch 1638575 
5 100 9 100 1638931 hf_selfid() 1639166 irq8 1641023 dispatch 1641200 
1 15 2 15 1641564 irq4 1643645 dispatch 1643822 
1 15 2 15 1644178 irq8 1646266 dispatch 1646444 
5 100 9 100 1646799 irq4 1648888 dispatch 1649064 
5 100 9 100 1649420 irq8 1651509 dispatch 1651687 
5 100 9 100 1652043 irq4 1654130 dispatch 1654308 
3 20 2 20 1654678 irq8 1656752 dispatch 1656930 
3 20 2 20 1657286 irq4 1659373 dispatch 1659551 
5 100 9 100 1659908 irq8 1661995 dispatch 1662173 
5 100 9 100 1662531 irq4 1664616 dispatch 1664793 
4 24 4 24 1665166 irq8 1667238 dispatch 1667415 
4 24 4 24 1667785 irq4 1669859 dispatch 1670037 
4 24 4 24 1670394 irq8 1672481 dispatch 1672658 
4 24 4 24 1673013 irq4 1675102 dispatch 1675281 
5 100 9 100 1675636 irq8 1677723 dispatch 1677902 
5 100 9 100 1678260 irq4 1680345 dispatch 1680522 
1 15 2 15 1680912 irq8 1682966 dispatch 1683144 
1 15 2 15 1683502 irq4 1685588 dispatch 1685766 
2 30 1 30 1686122 hf_selfid() 1686345 irq8 1688209 dispatch 1688387 
5 100 9 100 1688743 irq4 1690831 dispatch 1691009 
0 0 0 0 1691407 irq8 1693452 dispatch 1693630 
0 0 0 0 1694043 irq4 1696074 dispatch 1696250 
0 0 0 0 1696640 irq8 1698695 dispatch 1698873 
0 0 0 0 1699261 irq4 1701316 dispatch 1701495 
0 0 0 0 1701882 irq8 1703938 dispatch 1704115 
0 0 0 0 1704501 irq4 1706559 dispatch 1706738 
3 20 2 20 1707119 hf_selfid() 1707340 irq8 1709181 dispatch 1709359 
3 20 2 20 1709717 irq4 1711802 dispatch 1711981 
6 40 5 40 1712339 hf_selfid() 1712563 irq8 1714424 dispatch 1714602 
6 40 5 40 1714959 irq4 1717045 dispatch 1717223 
6 40 5 40 1717581 irq8 1719666 dispatch 1719846 
1 15 2 15 1720209 irq4 1722288 dispatch 1722465 
1 15 2 15 1722821 irq8 1724909 dispatch 1725088 
6 40 5 40 1725444 irq4 1727531 dispatch 1727710 
4 24 4 24 1728081 hf_selfid() 1728302 irq8 1730152 dispatch 1730331 
4 24 4 24 1730688 irq4 1732774 dispatch 1732952 
4 24 4 24 1733309 irq8 1735395 dispatch 1735574 
4 24 4 24 1735932 irq4 1738017 dispatch 1738195 
6 40 5 40 1738552 irq8 1740638 dispatch 1740818 
0 0 0 0 1741220 irq4 1743259 dispatch 1743438 
0 0 0 0 1743837 irq8 1745881 dispatch 1746060 
0 0 0 0 1746440 irq4 1748502 dispatch 1748680 
0 0 0 0 1749081 irq8 1751124 dispatch 1751302 
0 0 0 0 1751700 irq4 1753745 dispatch 1753923 
0 0 0 0 1754323 irq8 1756367 dispatch 1756546 
0 0 0 0 1756920 irq4 1758988 dispatch 1759167 
1 15 2 15 1759543 hf_selfid() 1759764 irq8 1761610 dispatch 1761787 
1 15 2 15 1762155 irq4 1764231 dispatch 1764409 
3 20 2 20 1764766 irq8 1766852 dispatch 1767030 
3 20 2 20 1767389 irq4 1769474 dispatch 1769651 
2 30 1 30 1770007 irq8 1772095 dispatch 1772274 
0 0 0 0 1772673 irq4 1774717 dispatch 1774896 
0 0 0 0 1775308 irq8 1777338 dispatch 1777517 
0 0 0 0 1777904 irq4 1779960 dispatch 1780138 
0 0 0 0 1780519 irq8 1782581 dispatch 1782760 
0 0 0 0 1783152 irq4 1785202 dispatch 1785381 
0 0 0 0 1785782 irq8 1787824 dispatch 1788003 
0 0 0 0 1788404 irq4 1790445 dispatch 1790625 
4 24 4 24 1790999 irq8 1793067 dispatch 1793245 
4 24 4 24 1793603 irq4 1795688 dispatch 1795866 
4 24 4 24 1796224 irq8 1798310 dispatch 1798489 
1 15 2 15 1798854 irq4 1800931 dispatch 1801110 
1 15 2 15 1801469 irq8 1803553 dispatch 1803730 
4 24 4 24 1804087 irq4 1806174 dispatch 1806352 
0 0 0 0 1806738 irq8 1808795 dispatch 1808974 
0 0 0 0 1809361 irq4 1811417 dispatch 1811595 
3 20 2 20 1811982 irq8 1814038 dispatch 1814217 
3 20 2 20 1814576 irq4 1816660 dispatch 1816838 
6 40 5 40 1817196 irq8 1819281 dispatch 1819459 
6 40 5 40 1819817 irq4 1821903 dispatch 1822082 
6 40 5 40 1822439 irq8 1824524 dispatch 1824702 
6 40 5 40 1825060 irq4 1827146 dispatch 1827325 
6 40 5 40 1827683 irq8 1829767 dispatch 1829946 
0 0 0 0 1830361 irq4 1832388 dispatch 1832567 
0 0 0 0 1832955 irq8 1835010 dispatch 1835188 
0 0 0 0 1835588 irq4 1837631 dispatch 1837810 
1 15 2 15 1838193 irq8 1840253 dispatch 1840431 
1 15 2 15 1840789 irq4 1842874 dispatch 1843054 
2 30 1 30 1843422 irq8 1845496 dispatch 1845674 
0 0 0 0 1846052 irq4 1848117 dispatch 1848295 
0 0 0 0 1848695 irq8 1850738 dispatch 1850917 
0 0 0 0 1851325 irq4 1853360 dispatch 1853539 
4 24 4 24 1853908 irq8 1855981 dispatch 1856161 
4 24 4 24 1856524 irq4 1858603 dispatch 1858781 
4 24 4 24 1859138 irq8 1861224 dispatch 1861402 
4 24 4 24 1861761 irq4 1863846 dispatch 1864024 
3 20 2 20 1864400 irq8 1866467 dispatch 1866646 
3 20 2 20 1867004 irq4 1869089 dispatch 1869266 
5 100 9 100 1869626 hf_selfid() 1869863 irq8 1871710 dispatch 1871890 
5 100 9 100 1872246 irq4 1874331 dispatch 1874510 
5 100 9 100 1874869 irq8 1876953 dispatch 1877132 
1 15 2 15 1877489 irq4 1879574 dispatch 1879754 
1 15 2 15 1880113 irq8 1882196 dispatch 1882375 
5 100 9 100 1882733 irq4 1884817 dispatch 1884995 
5 100 9 100 1885352 irq8 1887439 dispatch 1887618 
5 100 9 100 1887976 irq4 1890060 dispatch 1890239 
5 100 9 100 1890597 irq8 1892682 dispatch 1892860 
5 100 9 100 1893218 irq4 1895303 dispatch 1895482 
5 100 9 100 1895840 irq8 1897924 dispatch 1898103 
0 0 0 0 1898479 irq4 1900546 dispatch 1900724 
0 0 0 0 1901110 irq8 1903167 dispatch 1903347 
0 0 0 0 1903748 irq4 1905789 dispatch 1905968 
0 0 0 0 1906342 irq8 1908410 dispatch 1908590 
0 0 0 0 1908962 irq4 1911032 dispatch 1911212 
0 0 0 0 1911614 irq8 1913653 dispatch 1913832 
0 0 0 0 1914221 irq4 1916274 dispatch 1916454 
1 15 2 15 1916813 irq8 1918896 dispatch 1919076 
1 15 2 15 1919435 irq4 1921517 dispatch 1921696 
3 20 2 20 1922053 hf_selfid() 1922273 irq8 1924139 dispatch 1924318 
3 20 2 20 1924687 irq4 1926760 dispatch 1926938 
4 24 4 24 1927296 hf_selfid() 1928499 irq8 1929382 dispatch 1929560 
4 24 4 24 1929918 irq4 1932003 dispatch 1932182 
4 24 4 24 1932540 irq8 1934625 dispatch 1934803 
4 24 4 24 1935161 irq4 1937246 dispatch 1937425 
2 30 1 30 1937789 hf_selfid() 1938014 irq8 1939867 dispatch 1940047 
6 40 5 40 1940404 hf_selfid() 1940629 irq4 1942489 dispatch 1942668 
6 40 5 40 1943026 irq8 1945110 dispatch 1945290 
6 40 5 40 1945649 irq4 1947732 dispatch 1947910 
6 40 5 40 1948269 irq8 1950353 dispatch 1950533 
6 40 5 40 1950895 irq4 1952975 dispatch 1953153 
0 0 0 0 1953529 irq8 1955596 dispatch 1955776 
1 15 2 15 1956142 irq4 1958218 dispatch 1958397 
1 15 2 15 1958756 hf_selfid() 1959963 irq8 1960839 dispatch 1961019 
0 0 0 0 1961432 irq4 1963460 dispatch 1963640 
0 0 0 0 1964048 irq8 1966082 dispatch 1966259 
0 0 0 0 1966638 irq4 1968703 dispatch 1968881 
3 20 2 20 1969250 irq8 1971325 dispatch 1971503 
3 20 2 20 1971860 irq4 1973946 dispatch 1974125 
0 0 0 0 1974505 irq8 1976568 dispatch 1976746 
0 0 0 0 1977151 irq4 1979189 dispatch 1979368 
4 24 4 24 1979742 irq8 1981810 dispatch 1981990 
4 24 4 24 1982348 irq4 1984432 dispatch 1984610 
4 24 4 24 1984966 irq8 1987053 dispatch 1987232 
4 24 4 24 1987588 irq4 1989675 dispatch 1989854 
0 0 0 0 1990254 irq8 1992296 dispatch 1992475 
0 0 0 0 1992871 irq4 1994918 dispatch 1995097 
1 15 2 15 1995476 irq8 1997539 dispatch 1997718 
1 15 2 15 1998076 irq4 2000161 dispatch 2000338 
2 30 1 30 2000694 irq8 2002782 dispatch 2002961 
0 0 0 0 2003366 irq4 2005403 dispatch 2005582 
0 0 0 0 2005971 irq8 2008025 dispatch 2008203 
0 0 0 0 2008609 irq4 2010646 dispatch 2010825 
0 0 0 0 2011213 irq8 2013268 dispatch 2013447 
0 0 0 0 2013853 irq4 2015889 dispatch 2016068 
0 0 0 0 2016443 irq8 2018511 dispatch 2018690 
0 0 0 0 2019085 irq4 2021132 dispatch 2021311 
3 20 2 20 2021691 irq8 2023754 dispatch 2023933 
3 20 2 20 2024291 irq4 2026375 dispatch 2026554 
6 40 5 40 2026913 irq8 2028996 dispatch 2029175 
6 40 5 40 2029534 irq4 2031618 dispatch 2031796 
6 40 5 40 2032158 irq8 2034239 dispatch 2034419 
1 15 2 15 2034782 irq4 2036861 dispatch 2037040 
1 15 2 15 2037398 irq8 2039482 dispatch 2039662 
6 40 5 40 2040021 irq4 2042104 dispatch 2042283 
4 24 4 24 2042654 irq8 2044725 dispatch 2044905 
4 24 4 24 2045264 irq4 2047346 dispatch 2047527 
4 24 4 24 2047887 irq8 2049968 dispatch 2050146 
4 24 4 24 2050503 irq4 2052589 dispatch 2052768 
6 40 5 40 2053126 irq8 2055211 dispatch 2055390 
0 0 0 0 2055784 irq4 2057832 dispatch 2058011 
0 0 0 0 2058419 irq8 2060454 dispatch 2060633 
0 0 0 0 2061027 irq4 2063075 dispatch 2063255 
0 0 0 0 2063631 irq8 2065697 dispatch 2065876 
0 0 0 0 2066288 irq4 2068318 dispatch 2068498 
0 0 0 0 2068879 irq8 2070939 dispatch 2071120 
0 0 0 0 2071527 irq4 2073561 dispatch 2073742 
1 15 2 15 2074140 irq8 2076182 dispatch 2076362 
1 15 2 15 2076721 irq4 2078804 dispatch 2078983 
3 20 2 20 2079342 irq8 2081425 dispatch 2081604 
3 20 2 20 2081962 irq4 2084047 dispatch 2084226 
2 30 1 30 2084584 irq8 2086668 dispatch 2086847 
0 0 0 0 2087253 irq4 2089290 dispatch 2089468 
0 0 0 0 2089856 irq8 2091911 dispatch 2092091 
0 0 0 0 2092505 irq4 2094532 dispatch 2094712 
0 0 0 0 2095121 irq8 2097154 dispatch 2097332 
0 0 0 0 2097731 irq4 2099775 dispatch 2099954 
0 0 0 0 2100360 irq8 2102397 dispatch 2102578 
0 0 0 0 2102965 irq4 2105018 dispatch 2105199 
4 24 4 24 2105578 irq8 2107640 dispatch 2107820 
4 24 4 24 2108179 irq4 2110261 dispatch 2110442 
4 24 4 24 2110801 irq8 2112883 dispatch 2113063 
1 15 2 15 2113438 irq4 2115504 dispatch 2115684 
1 15 2 15 2116042 irq8 2118125 dispatch 2118306 
4 24 4 24 2118666 irq4 2120747 dispatch 2120927 
0 0 0 0 2121298 irq8 2123368 dispatch 2123549 
0 0 0 0 2123932 irq4 2125990 dispatch 2126170 
3 20 2 20 2126567 hf_selfid() 2126790 irq8 2128611 dispatch 2128792 
3 20 2 20 2129152 irq4 2131233 dispatch 2131412 
6 40 5 40 2131770 irq8 2133854 dispatch 2134035 
6 40 5 40 2134393 irq4 2136475 dispatch 2136656 
6 40 5 40 2137014 irq8 2139097 dispatch 2139278 
6 40 5 40 2139637 hf_selfid() 2140828 irq4 2141718 dispatch 2141899 
6 40 5 40 2142259 irq8 2144340 dispatch 2144520 
5 100 9 100 2144879 hf_selfid() 2145119 irq4 2146961 dispatch 2147141 
5 100 9 100 2147501 irq8 2149583 dispatch 2149765 
5 100 9 100 2150124 irq4 2152204 dispatch 2152384 
1 15 2 15 2152759 irq8 2154826 dispatch 2155006 
1 15 2 15 2155380 irq4 2157447 dispatch 2157628 
2 30 1 30 2157987 hf_selfid() 2158214 irq8 2160068 dispatch 2160249 
5 100 9 100 2160608 irq4 2162690 dispatch 2162869 
5 100 9 100 2163228 irq8 2165311 dispatch 2165492 
5 100 9 100 2165852 irq4 2167933 dispatch 2168114 
4 24 4 24 2168492 hf_selfid() 2168716 irq8 2170554 dispatch 2170736 
4 24 4 24 2171095 irq4 2173176 dispatch 2173357 
4 24 4 24 2173716 irq8 2175797 dispatch 2175979 
4 24 4 24 2176340 irq4 2178419 dispatch 2178599 
3 20 2 20 2178963 irq8 2181040 dispatch 2181221 
3 20 2 20 2181586 irq4 2183661 dispatch 2183843 
5 100 9 100 2184201 irq8 2186283 dispatch 2186463 
5 100 9 100 2186823 irq4 2188904 dispatch 2189084 
5 100 9 100 2189444 irq8 2191526 dispatch 2191706 
1 15 2 15 2192066 hf_selfid() 2192288 irq4 2194147 dispatch 2194328 
1 15 2 15 2194692 irq8 2196769 dispatch 2196949 
0 0 0 0 2197325 irq4 2199390 dispatch 2199572 
0 0 0 0 2199961 irq8 2202011 dispatch 2202192 
0 0 0 0 2202584 irq4 2204633 dispatch 2204814 
0 0 0 0 2205201 irq8 2207254 dispatch 2207436 
0 0 0 0 2207819 irq4 2209876 dispatch 2210057 
0 0 0 0 2210458 irq8 2212497 dispatch 2212677 
0 0 0 0 2213092 irq4 2215119 dispatch 2215300 
0 0 0 0 2215696 irq8 2217740 dispatch 2217921 
0 0 0 0 2218335 irq4 2220362 dispatch 2220543 
0 0 0 0 2220927 irq8 2222983 dispatch 2223165 
0 0 0 0 2223549 irq4 2225604 dispatch 2225785 
0 0 0 0 2226188 irq8 2228226 dispatch 2228406 
0 0 0 0 2228820 irq4 2230847 dispatch 2231029 
1 15 2 15 2231389 irq8 2233469 dispatch 2233650 
1 15 2 15 2234010 irq4 2236090 dispatch 2236272 
3 20 2 20 2236645 irq8 2238712 dispatch 2238894 
3 20 2 20 2239254 irq4 2241333 dispatch 2241514 
4 24 4 24 2241874 irq8 2243954 dispatch 2244136 
4 24 4 24 2244496 irq4 2246576 dispatch 2246756 
4 24 4 24 2247115 irq8 2249197 dispatch 2249379 
4 24 4 24 2249750 irq4 2251819 dispatch 2252001 
2 30 1 30 2252361 irq8 2254440 dispatch 2254620 
6 40 5 40 2254980 irq4 2257062 dispatch 2257242 
6 40 5 40 2257601 irq8 2259683 dispatch 2259864 
6 40 5 40 2260223 irq4 2262305 dispatch 2262485 
6 40 5 40 2262851 irq8 2264926 dispatch 2265107 
6 40 5 40 2265467 irq4 2267547 dispatch 2267729 
0 0 0 0 2268111 irq8 2270169 dispatch 2270351 
1 15 2 15 2270719 irq4 2272790 dispatch 2272972 
1 15 2 15 2273332 irq8 2275412 dispatch 2275593 
0 0 0 0 2275997 irq4 2278033 dispatch 2278215 
0 0 0 0 2278604 irq8 2280655 dispatch 2280836 
0 0 0 0 2281232 irq4 2283276 dispatch 2283457 
3 20 2 20 2283830 irq8 2285898 dispatch 2286079 
3 20 2 20 2286440 irq4 2288519 dispatch 2288701 
0 0 0 0 2289116 irq8 2291140 dispatch 2291323 
0 0 0 0 2291713 irq4 2293762 dispatch 2293941 
4 24 4 24 2294316 irq8 2296383 dispatch 2296564 
4 24 4 24 2296924 irq4 2299005 dispatch 2299186 
4 24 4 24 2299546 irq8 2301626 dispatch 2301808 
4 24 4 24 2302167 irq4 2304248 dispatch 2304427 
0 0 0 0 2304809 irq8 2306869 dispatch 2307050 
0 0 0 0 2307465 irq4 2309491 dispatch 2309672 
1 15 2 15 2310052 irq8 2312112 dispatch 2312293 
1 15 2 15 2312652 irq4 2314733 dispatch 2314914 
2 30 1 30 2315274 irq8 2317355 dispatch 2317536 
0 0 0 0 2317939 irq4 2319976 dispatch 2320158 
0 0 0 0 2320560 irq8 2322598 dispatch 2322779 
0 0 0 0 2323193 irq4 2325219 dispatch 2325400 
0 0 0 0 2325815 irq8 2327841 dispatch 2328022 
0 0 0 0 2328436 irq4 2330462 dispatch 2330643 
0 0 0 0 2331049 irq8 2333083 dispatch 2333265 
0 0 0 0 2333673 irq4 2335705 dispatch 2335886 
3 20 2 20 2336271 hf_selfid() 2336493 irq8 2338326 dispatch 2338508 
3 20 2 20 2338869 irq4 2340948 dispatch 2341129 
6 40 5 40 2341489 hf_selfid() 2341716 irq8 2343569 dispatch 2343751 
6 40 5 40 2344118 irq4 2346191 dispatch 2346373 
6 40 5 40 2346733 irq8 2348812 dispatch 2348993 
1 15 2 15 2349358 irq4 2351434 dispatch 2351615 
1 15 2 15 2351977 irq8 2354055 dispatch 2354237 
6 40 5 40 2354599 irq4 2356676 dispatch 2356858 
4 24 4 24 2357239 irq8 2359298 dispatch 2359478 
4 24 4 24 2359837 irq4 2361919 dispatch 2362101 
4 24 4 24 2362460 irq8 2364541 dispatch 2364722 
4 24 4 24 2365083 irq4 2367162 dispatch 2367344 
6 40 5 40 2367704 irq8 2369784 dispatch 2369965 
0 0 0 0 2370372 irq4 2372405 dispatch 2372586 
0 0 0 0 2372995 irq8 2375026 dispatch 2375209 
0 0 0 0 2375605 irq4 2377648 dispatch 2377828 
0 0 0 0 2378230 irq8 2380269 dispatch 2380451 
0 0 0 0 2380839 irq4 2382891 dispatch 2383072 
0 0 0 0 2383462 irq8 2385512 dispatch 2385694 
0 0 0 0 2386072 irq4 2388134 dispatch 2388315 
1 15 2 15 2388701 irq8 2390755 dispatch 2390938 
1 15 2 15 2391299 hf_selfid() 2392488 irq4 2393377 dispatch 2393558 
3 20 2 20 2393920 irq8 2395998 dispatch 2396181 
3 20 2 20 2396540 irq4 2398619 dispatch 2398802 
2 30 1 30 2399176 hf_selfid() 2399404 irq8 2401241 dispatch 2401422 
5 100 9 100 2401781 hf_selfid() 2402021 irq4 2403862 dispatch 2404043 
5 100 9 100 2404403 irq8 2406484 dispatch 2406664 
5 100 9 100 2407022 irq4 2409105 dispatch 2409286 
5 100 9 100 2409645 irq8 2411727 dispatch 2411908 
5 100 9 100 2412279 irq4 2414348 dispatch 2414530 
5 100 9 100 2414890 irq8 2416970 dispatch 2417150 
5 100 9 100 2417510 irq4 2419591 dispatch 2419772 
4 24 4 24 2420149 hf_selfid() 2420375 irq8 2422212 dispatch 2422394 
4 24 4 24 2422756 irq4 2424834 dispatch 2425014 
4 24 4 24 2425381 irq8 2427455 dispatch 2427637 
1 15 2 15 2428006 irq4 2430077 dispatch 2430259 
1 15 2 15 2430620 irq8 2432698 dispatch 2432879 
4 24 4 24 2433239 irq4 2435320 dispatch 2435501 
5 100 9 100 2435861 irq8 2437941 dispatch 2438123 
5 100 9 100 2438488 irq4 2440562 dispatch 2440744 
3 20 2 20 2441129 irq8 2443184 dispatch 2443366 
3 20 2 20 2443726 irq4 2445805 dispatch 2445987 
6 40 5 40 2446347 irq8 2448427 dispatch 2448608 
6 40 5 40 2448968 irq4 2451048 dispatch 2451230 
6 40 5 40 2451591 irq8 2453670 dispatch 2453852 
6 40 5 40 2454212 irq4 2456291 dispatch 2456474 
6 40 5 40 2456835 irq8 2458913 dispatch 2459093 
0 0 0 0 2459506 irq4 2461534 dispatch 2461715 
0 0 0 0 2462091 irq8 2464155 dispatch 2464336 
0 0 0 0 2464737 irq4 2466777 dispatch 2466958 
1 15 2 15 2467334 irq8 2469398 dispatch 2469580 
1 15 2 15 2469941 irq4 2472020 dispatch 2472200 
2 30 1 30 2472560 irq8 2474641 dispatch 2474822 
0 0 0 0 2475225 irq4 2477263 dispatch 2477444 
0 0 0 0 2477859 irq8 2479884 dispatch 2480066 
0 0 0 0 2480473 irq4 2482506 dispatch 2482687 
4 24 4 24 2483056 irq8 2485127 dispatch 2485308 
4 24 4 24 2485668 irq4 2487748 dispatch 2487930 
4 24 4 24 2488291 irq8 2490370 dispatch 2490550 
4 24 4 24 2490910 irq4 2492991 dispatch 2493173 
3 20 2 20 2493548 irq8 2495613 dispatch 2495795 
3 20 2 20 2496156 irq4 2498234 dispatch 2498416 
0 0 0 0 2498817 irq8 2500856 dispatch 2501037 
0 0 0 0 2501413 irq4 2503477 dispatch 2503659 
0 0 0 0 2504038 irq8 2506099 dispatch 2506280 
1 15 2 15 2506648 irq4 2508720 dispatch 2508902 
1 15 2 15 2509260 irq8 2511341 dispatch 2511524 
0 0 0 0 2511907 irq4 2513963 dispatch 2514144 
0 0 0 0 2514532 irq8 2516584 dispatch 2516766 
0 0 0 0 2517168 irq4 2519206 dispatch 2519387 
0 0 0 0 2519781 irq8 2521827 dispatch 2522009 
0 0 0 0 2522424 irq4 2524449 dispatch 2524629 
0 0 0 0 2525019 irq8 2527070 dispatch 2527253 
0 0 0 0 2527655 irq4 2529691 dispatch 2529873 
0 0 0 0 2530281 irq8 2532313 dispatch 2532495 
0 0 0 0 2532886 irq4 2534934 dispatch 2535116 
0 0 0 0 2535500 irq8 2537556 dispatch 2537738 
0 0 0 0 2538154 irq4 2540177 dispatch 2540358 
0 0 0 0 2540740 irq8 2542799 dispatch 2542981 
0 0 0 0 2543359 irq4 2545420 dispatch 2545602 
1 15 2 15 2545963 irq8 2548042 dispatch 2548223 
1 15 2 15 2548585 irq4 2550663 dispatch 2550845 
3 20 2 20 2551207 hf_selfid() 2551431 irq8 2553284 dispatch 2553467 
3 20 2 20 2553829 irq4 2555906 dispatch 2556088 
4 24 4 24 2556448 irq8 2558527 dispatch 2558710 
4 24 4 24 2559073 irq4 2561149 dispatch 2561330 
4 24 4 24 2561704 irq8 2563770 dispatch 2563952 
4 24 4 24 2564312 irq4 2566392 dispatch 2566574 
2 30 1 30 2566934 irq8 2569013 dispatch 2569195 
6 40 5 40 2569556 hf_selfid() 2569784 irq4 2571635 dispatch 2571817 
6 40 5 40 2572178 irq8 2574256 dispatch 2574438 
6 40 5 40 2574809 irq4 2576877 dispatch 2577059 
6 40 5 40 2577420 irq8 2579499 dispatch 2579681 
6 40 5 40 2580042 irq4 2582120 dispatch 2582302 
0 0 0 0 2582686 irq8 2584742 dispatch 2584924 
1 15 2 15 2585293 irq4 2587363 dispatch 2587545 
1 15 2 15 2587914 irq8 2589985 dispatch 2590167 
0 0 0 0 2590551 irq4 2592606 dispatch 2592788 
0 0 0 0 2593196 irq8 2595227 dispatch 2595410 
0 0 0 0 2595794 irq4 2597849 dispatch 2598031 
3 20 2 20 2598406 irq8 2600470 dispatch 2600653 
3 20 2 20 2601018 irq4 2603092 dispatch 2603274 
0 0 0 0 2603659 irq8 2605713 dispatch 2605896 
0 0 0 0 2606274 irq4 2608335 dispatch 2608517 
4 24 4 24 2608900 irq8 2610956 dispatch 2611140 
4 24 4 24 2611503 irq4 2613578 dispatch 2613760 
4 24 4 24 2614121 irq8 2616199 dispatch 2616382 
4 24 4 24 2616744 irq4 2618820 dispatch 2619003 
0 0 0 0 2619395 irq8 2621442 dispatch 2621623 
0 0 0 0 2622032 irq4 2624063 dispatch 2624245 
1 15 2 15 2624633 hf_selfid() 2624857 irq8 2626685 dispatch 2626867 
1 15 2 15 2627228 irq4 2629306 dispatch 2629489 
2 30 1 30 2629849 hf_selfid() 2630076 irq8 2631928 dispatch 2632110 
0 0 0 0 2632508 irq4 2634549 dispatch 2634732 
0 0 0 0 2635129 irq8 2637170 dispatch 2637353 
0 0 0 0 2637764 irq4 2639792 dispatch 2639975 
0 0 0 0 2640373 irq8 2642413 dispatch 2642596 
0 0 0 0 2643023 irq4 2645035 dispatch 2645218 
0 0 0 0 2645602 irq8 2647656 dispatch 2647839 
0 0 0 0 2648236 irq4 2650278 dispatch 2650460 
3 20 2 20 2650855 irq8 2652899 dispatch 2653082 
3 20 2 20 2653444 irq4 2655521 dispatch 2655703 
6 40 5 40 2656076 irq8 2658142 dispatch 2658326 
6 40 5 40 2658686 irq4 2660763 dispatch 2660947 
6 40 5 40 2661309 irq8 2663385 dispatch 2663567