hf_schedlock() 25233 hf_spawn() 26029 hf_spawn() 26302 hf_spawn() 26575 hf_spawn() 26846 hf_spawn() 27120 hf_spawn() 27396 hf_spawn() 27674 irq8 28075 dispatch 28209 hf_schedlock() 28412 irq4 28838 dispatch 28970 
2 10 3 10 29290 hf_selfid() 29449 irq8 31459 dispatch 31593 
2 10 3 10 31906 irq4 34081 dispatch 34214 
2 10 3 10 34527 irq8 36702 dispatch 36837 
1 12 1 12 37150 hf_selfid() 37313 irq4 39323 dispatch 39458 
3 15 1 15 39771 hf_selfid() 39935 irq8 41945 dispatch 42082 
4 17 2 17 42410 hf_selfid() 42575 irq4 44566 dispatch 44703 
4 17 2 17 45020 irq8 47188 dispatch 47325 
6 24 4 24 47641 hf_selfid() 47809 irq4 49809 dispatch 49946 
6 24 4 24 50261 irq8 52431 dispatch 52569 
6 24 4 24 52886 irq4 55052 dispatch 55190 
2 10 3 10 55518 irq8 57674 dispatch 57811 
2 10 3 10 58128 irq4 60295 dispatch 60434 
2 10 3 10 60751 irq8 62916 dispatch 63055 
1 12 1 12 63373 irq4 65538 dispatch 65676 
6 24 4 24 65993 irq8 68159 dispatch 68299 
3 15 1 15 68624 irq4 70781 dispatch 70921 
5 30 5 30 71238 hf_selfid() 71409 irq8 73402 dispatch 73542 
4 17 2 17 73861 irq4 76024 dispatch 76163 
4 17 2 17 76481 irq8 78645 dispatch 78785 
5 30 5 30 79103 irq4 81266 dispatch 81408 
2 10 3 10 81731 irq8 83888 dispatch 84029 
2 10 3 10 84349 irq4 86509 dispatch 86651 
2 10 3 10 86972 irq8 89131 dispatch 89273 
5 30 5 30 89595 irq4 91752 dispatch 91895 
1 12 1 12 92216 irq8 94374 dispatch 94517 
6 24 4 24 94838 irq4 96995 dispatch 97137 
6 24 4 24 97459 irq8 99617 dispatch 99759 
6 24 4 24 100080 irq4 102238 dispatch 102385 
6 24 4 24 102710 irq8 104859 dispatch 105006 
5 30 5 30 105332 irq4 107481 dispatch 107628 
2 10 3 10 107953 irq8 110102 dispatch 110250 
2 10 3 10 110578 irq4 112724 dispatch 112871 
2 10 3 10 113198 irq8 115345 dispatch 115493 
3 15 1 15 115820 irq4 117967 dispatch 118115 
4 17 2 17 118443 irq8 120588 dispatch 120736 
4 17 2 17 121064 irq4 123210 dispatch 123357 
1 12 1 12 123698 irq8 125831 dispatch 125980 
5 30 5 30 126307 irq4 128452 dispatch 128601 
5 30 5 30 128928 irq8 131074 dispatch 131222 
5 30 5 30 131548 irq4 133695 dispatch 133844 
2 10 3 10 134171 irq8 136317 dispatch 136466 
2 10 3 10 136804 irq4 138938 dispatch 139088 
2 10 3 10 139416 irq8 141560 dispatch 141709 
5 30 5 30 142036 irq4 144181 dispatch 144330 
5 30 5 30 144657 irq8 146802 dispatch 146952 
3 15 1 15 147280 irq4 149424 dispatch 149574 
0 0 0 0 149945 irq8 152045 dispatch 152195 
0 0 0 0 152547 irq4 154667 dispatch 154816 
1 12 1 12 155144 irq8 157288 dispatch 157438 
6 24 4 24 157767 irq4 159910 dispatch 160060 
2 10 3 10 160388 irq8 162531 dispatch 162683 
2 10 3 10 163016 irq4 165153 dispatch 165303 
2 10 3 10 165633 irq8 167774 dispatch 167926 
4 17 2 17 168256 irq4 170395 dispatch 170547 
4 17 2 17 170878 irq8 173017 dispatch 173169 
6 24 4 24 173498 irq4 175638 dispatch 175790 
6 24 4 24 176122 irq8 178260 dispatch 178412 
6 24 4 24 178742 irq4 180881 dispatch 181032 
0 0 0 0 181404 irq8 183503 dispatch 183656 
0 0 0 0 184030 irq4 186124 dispatch 186276 
2 10 3 10 186606 irq8 188746 dispatch 188898 
2 10 3 10 189228 irq4 191367 dispatch 191520 
2 10 3 10 191851 irq8 193988 dispatch 194141 
1 12 1 12 194473 irq4 196610 dispatch 196761 
3 15 1 15 197091 irq8 199231 dispatch 199384 
5 30 5 30 199714 irq4 201853 dispatch 202005 
5 30 5 30 202335 irq8 204474 dispatch 204628 
5 30 5 30 204974 irq4 207096 dispatch 207248 
4 17 2 17 207579 irq8 209717 dispatch 209870 
4 17 2 17 210202 irq4 212338 dispatch 212493 
2 10 3 10 212825 irq8 214960 dispatch 215115 
2 10 3 10 215448 irq4 217581 dispatch 217737 
2 10 3 10 218080 irq8 220203 dispatch 220357 
1 12 1 12 220691 irq4 222824 dispatch 222979 
6 24 4 24 223312 irq8 225446 dispatch 225600 
3 15 1 15 225932 irq4 228067 dispatch 228222 
6 24 4 24 228555 irq8 230689 dispatch 230842 
6 24 4 24 231182 irq4 233310 dispatch 233465 
6 24 4 24 233799 irq8 235931 dispatch 236087 
5 30 5 30 236420 irq4 238553 dispatch 238708 
2 10 3 10 239042 hf_selfid() 239234 irq8 241174 dispatch 241329 
2 10 3 10 241663 irq4 243796 dispatch 243951 
2 10 3 10 244288 irq8 246417 dispatch 246571 
5 30 5 30 246904 irq4 249039 dispatch 249194 
1 12 1 12 249527 hf_selfid() 249723 irq8 251660 dispatch 251815 
4 17 2 17 252149 hf_selfid() 252346 irq4 254282 dispatch 254437 
4 17 2 17 254771 irq8 256903 dispatch 257058 
0 0 0 0 257422 irq4 259524 dispatch 259680 
0 0 0 0 260044 irq8 262146 dispatch 262300 
0 0 0 0 262658 irq4 264767 dispatch 264923 
2 10 3 10 265257 irq8 267389 dispatch 267544 
2 10 3 10 267877 irq4 270010 dispatch 270166 
2 10 3 10 270500 irq8 272632 dispatch 272787 
3 15 1 15 273121 hf_selfid() 273319 irq4 275253 dispatch 275408 
5 30 5 30 275742 hf_selfid() 275941 irq8 277874 dispatch 278031 
5 30 5 30 278366 irq4 280496 dispatch 280651 
1 12 1 12 280985 irq8 283117 dispatch 283274 
6 24 4 24 283608 hf_selfid() 283807 irq4 285739 dispatch 285895 
6 24 4 24 286244 irq8 288360 dispatch 288515 
6 24 4 24 288849 irq4 290982 dispatch 291137 
2 10 3 10 291472 irq8 293603 dispatch 293759 
2 10 3 10 294096 irq4 296225 dispatch 296380 
2 10 3 10 296714 irq8 298846 dispatch 299003 
4 17 2 17 299348 irq4 301467 dispatch 301624 
4 17 2 17 301959 irq8 304089 dispatch 304245 
3 15 1 15 304580 irq4 306710 dispatch 306867 
6 24 4 24 307204 irq8 309332 dispatch 309488 
5 30 5 30 309822 irq4 311953 dispatch 312110 
1 12 1 12 312452 irq8 314575 dispatch 314731 
5 30 5 30 315067 irq4 317196 dispatch 317353 
2 10 3 10 317689 irq8 319818 dispatch 319975 
2 10 3 10 320311 irq4 322439 dispatch 322596 
2 10 3 10 322932 irq8 325060 dispatch 325218 
5 30 5 30 325558 irq4 327682 dispatch 327838 
0 0 0 0 328208 irq8 330303 dispatch 330461 
0 0 0 0 330825 irq4 332925 dispatch 333082 
0 0 0 0 333460 irq8 335546 dispatch 335705 
0 0 0 0 336091 irq4 338168 dispatch 338325 
0 0 0 0 338679 irq8 340789 dispatch 340947 
4 17 2 17 341285 irq4 343410 dispatch 343569 
2 10 3 10 343906 irq8 346032 dispatch 346190 
2 10 3 10 346527 irq4 348653 dispatch 348812 
2 10 3 10 349148 irq8 351275 dispatch 351434 
1 12 1 12 351772 irq4 353896 dispatch 354055 
3 15 1 15 354392 irq8 356518 dispatch 356676 
4 17 2 17 357013 irq4 359139 dispatch 359298 
6 24 4 24 359635 irq8 361761 dispatch 361918 
6 24 4 24 362255 irq4 364382 dispatch 364541 
6 24 4 24 364878 irq8 367003 dispatch 367163 
6 24 4 24 367515 irq4 369625 dispatch 369783 
2 10 3 10 370119 irq8 372246 dispatch 372405 
2 10 3 10 372742 irq4 374868 dispatch 375026 
2 10 3 10 375364 irq8 377489 dispatch 377648 
1 12 1 12 377985 irq4 380111 dispatch 380270 
5 30 5 30 380618 irq8 382732 dispatch 382891 
3 15 1 15 383229 irq4 385354 dispatch 385512 
4 17 2 17 385848 irq8 387975 dispatch 388134 
4 17 2 17 388472 irq4 390596 dispatch 390755 
5 30 5 30 391092 irq8 393218 dispatch 393376 
5 30 5 30 393719 irq4 395839 dispatch 395999 
2 10 3 10 396337 irq8 398461 dispatch 398620 
2 10 3 10 398957 irq4 401082 dispatch 401241 
2 10 3 10 401578 irq8 403704 dispatch 403862 
5 30 5 30 404199 irq4 406325 dispatch 406484 
1 12 1 12 406825 irq8 408946 dispatch 409106 
6 24 4 24 409444 irq4 411568 dispatch 411728 
6 24 4 24 412066 irq8 414189 dispatch 414350 
6 24 4 24 414690 irq4 416811 dispatch 416970 
6 24 4 24 417309 irq8 419432 dispatch 419593 
5 30 5 30 419933 irq4 422054 dispatch 422214 
2 10 3 10 422554 irq8 424675 dispatch 424836 
2 10 3 10 425175 irq4 427297 dispatch 427457 
2 10 3 10 427796 irq8 429918 dispatch 430080 
3 15 1 15 430418 irq4 432539 dispatch 432700 
4 17 2 17 433040 irq8 435161 dispatch 435323 
4 17 2 17 435662 irq4 437782 dispatch 437943 
1 12 1 12 438283 irq8 440404 dispatch 440564 
5 30 5 30 440903 irq4 443025 dispatch 443186 
5 30 5 30 443525 irq8 445647 dispatch 445808 
5 30 5 30 446148 irq4 448268 dispatch 448428 
2 10 3 10 448781 hf_selfid() 448981 irq8 450890 dispatch 451050 
2 10 3 10 451389 irq4 453511 dispatch 453672 
2 10 3 10 454012 irq8 456132 dispatch 456293 
5 30 5 30 456633 irq4 458754 dispatch 458914 
5 30 5 30 459253 irq8 461375 dispatch 461536 
3 15 1 15 461886 irq4 463997 dispatch 464159 
0 0 0 0 464547 irq8 466618 dispatch 466779 
0 0 0 0 467168 irq4 469240 dispatch 469401 
1 12 1 12 469740 hf_selfid() 469943 irq8 471861 dispatch 472023 
6 24 4 24 472363 irq4 474482 dispatch 474644 
2 10 3 10 474991 irq8 477104 dispatch 477266 
2 10 3 10 477606 irq4 479725 dispatch 479888 
2 10 3 10 480228 irq8 482347 dispatch 482508 
4 17 2 17 482848 hf_selfid() 483051 irq4 484968 dispatch 485129 
4 17 2 17 485469 irq8 487590 dispatch 487751 
6 24 4 24 488095 hf_selfid() 488298 irq4 490211 dispatch 490373 
6 24 4 24 490714 irq8 492833 dispatch 492992 
6 24 4 24 493331 irq4 495454 dispatch 495615 
0 0 0 0 495992 irq8 498075 dispatch 498237 
0 0 0 0 498595 irq4 500697 dispatch 500858 
2 10 3 10 501199 irq8 503318 dispatch 503480 
2 10 3 10 503821 irq4 505940 dispatch 506101 
2 10 3 10 506442 irq8 508561 dispatch 508723 
1 12 1 12 509064 irq4 511183 dispatch 511346 
3 15 1 15 511688 hf_selfid() 511892 irq8 513804 dispatch 513966 
5 30 5 30 514306 hf_selfid() 514513 irq4 516426 dispatch 516587 
5 30 5 30 516928 irq8 519047 dispatch 519209 
4 17 2 17 519550 irq4 521668 dispatch 521830 
4 17 2 17 522172 irq8 524290 dispatch 524451 
5 30 5 30 524790 irq4 526911 dispatch 527073 
2 10 3 10 527413 irq8 529533 dispatch 529695 
2 10 3 10 530050 irq4 532154 dispatch 532317 
2 10 3 10 532659 irq8 534776 dispatch 534938 
1 12 1 12 535278 irq4 537397 dispatch 537560 
6 24 4 24 537901 irq8 540018 dispatch 540181 
3 15 1 15 540521 irq4 542640 dispatch 542802 
6 24 4 24 543152 irq8 545261 dispatch 545424 
6 24 4 24 545764 irq4 547883 dispatch 548044 
6 24 4 24 548385 irq8 550504 dispatch 550666 
5 30 5 30 551007 irq4 553126 dispatch 553287 
2 10 3 10 553628 irq8 555747 dispatch 555910 
2 10 3 10 556259 irq4 558369 dispatch 558531 
2 10 3 10 558871 irq8 560990 dispatch 561153 
5 30 5 30 561493 irq4 563611 dispatch 563773 
1 12 1 12 564114 irq8 566233 dispatch 566396 
4 17 2 17 566737 irq4 568854 dispatch 569016 
4 17 2 17 569361 irq8 571476 dispatch 571639 
0 0 0 0 572009 irq4 574097 dispatch 574259 
0 0 0 0 574617 irq8 576719 dispatch 576881 
0 0 0 0 577239 irq4 579340 dispatch 579502 
2 10 3 10 579843 irq8 581962 dispatch 582124 
2 10 3 10 582465 irq4 584583 dispatch 584745 
2 10 3 10 585086 irq8 587204 dispatch 587367 
3 15 1 15 587708 irq4 589826 dispatch 589987 
5 30 5 30 590327 irq8 592447 dispatch 592610 
5 30 5 30 592951 irq4 595069 dispatch 595232 
1 12 1 12 595572 irq8 597690 dispatch 597853 
6 24 4 24 598196 irq4 600312 dispatch 600475 
6 24 4 24 600816 irq8 602933 dispatch 603096 
6 24 4 24 603438 irq4 605554 dispatch 605718 
2 10 3 10 606060 irq8 608176 dispatch 608338 
2 10 3 10 608679 irq4 610797 dispatch 610961 
2 10 3 10 611316 irq8 613419 dispatch 613583 
4 17 2 17 613926 irq4 616040 dispatch 616202 
4 17 2 17 616542 irq8 618662 dispatch 618824 
3 15 1 15 619165 irq4 621283 dispatch 621446 
6 24 4 24 621787 irq8 623905 dispatch 624068 
5 30 5 30 624419 irq4 626526 dispatch 626689 
1 12 1 12 627029 irq8 629147 dispatch 629310 
5 30 5 30 629652 irq4 631769 dispatch 631932 
2 10 3 10 632274 irq8 634390 dispatch 634554 
2 10 3 10 634897 irq4 637012 dispatch 637175 
2 10 3 10 637525 irq8 639633 dispatch 639797 
5 30 5 30 640140 irq4 642255 dispatch 642418 
0 0 0 0 642796 irq8 644876 dispatch 645039 
0 0 0 0 645431 irq4 647498 dispatch 647661 
0 0 0 0 648033 irq8 650119 dispatch 650283 
0 0 0 0 650659 irq4 652740 dispatch 652905 
4 17 2 17 653247 irq8 655362 dispatch 655524 
4 17 2 17 655867 irq4 657983 dispatch 658147 
2 10 3 10 658489 hf_selfid() 658691 irq8 660605 dispatch 660769 
2 10 3 10 661111 irq4 663226 dispatch 663390 
2 10 3 10 663734 irq8 665848 dispatch 666011 
1 12 1 12 666353 irq4 668469 dispatch 668633 
3 15 1 15 668976 irq8 671090 dispatch 671255 
6 24 4 24 671599 irq4 673712 dispatch 673876 
6 24 4 24 674219 irq8 676333 dispatch 676498 
6 24 4 24 676840 irq4 678955 dispatch 679119 
6 24 4 24 679463 irq8 681576 dispatch 681741 
5 30 5 30 682084 irq4 684198 dispatch 684362 
2 10 3 10 684705 irq8 686819 dispatch 686984 
2 10 3 10 687327 irq4 689441 dispatch 689604 
2 10 3 10 689947 irq8 692062 dispatch 692227 
1 12 1 12 692583 hf_selfid() 692788 irq4 694683 dispatch 694848 
5 30 5 30 695192 irq8 697305 dispatch 697470 
3 15 1 15 697813 irq4 699926 dispatch 700091 
4 17 2 17 700436 hf_selfid() 700642 irq8 702548 dispatch 702713 
4 17 2 17 703058 irq4 705169 dispatch 705334 
5 30 5 30 705687 irq8 707791 dispatch 707956 
5 30 5 30 708300 irq4 710412 dispatch 710577 
2 10 3 10 710920 irq8 713034 dispatch 713199 
2 10 3 10 713543 irq4 715655 dispatch 715821 
2 10 3 10 716166 irq8 718276 dispatch 718442 
5 30 5 30 718793 hf_selfid() 719000 irq4 720898 dispatch 721061 
1 12 1 12 721403 irq8 723519 dispatch 723685 
6 24 4 24 724027 hf_selfid() 724235 irq4 726141 dispatch 726306 
6 24 4 24 726649 irq8 728762 dispatch 728928 
6 24 4 24 729270 irq4 731384 dispatch 731549 
6 24 4 24 731896 irq8 734005 dispatch 734171 
0 0 0 0 734571 irq4 736627 dispatch 736792 
2 10 3 10 737137 irq8 739248 dispatch 739412 
2 10 3 10 739756 irq4 741869 dispatch 742035 
2 10 3 10 742379 irq8 744491 dispatch 744656 
3 15 1 15 745000 hf_selfid() 745206 irq4 747112 dispatch 747278 
4 17 2 17 747622 irq8 749734 dispatch 749899 
4 17 2 17 750244 irq4 752355 dispatch 752521 
1 12 1 12 752865 irq8 754977 dispatch 755142 
5 30 5 30 755487 irq4 757598 dispatch 757765 
5 30 5 30 758107 irq8 760219 dispatch 760385 
5 30 5 30 760729 irq4 762841 dispatch 763007 
2 10 3 10 763351 irq8 765462 dispatch 765628 
2 10 3 10 765972 irq4 768084 dispatch 768247 
2 10 3 10 768590 irq8 770705 dispatch 770870 
5 30 5 30 771214 irq4 773327 dispatch 773492 
5 30 5 30 773850 irq8 775948 dispatch 776114 
3 15 1 15 776458 irq4 778570 dispatch 778734 
0 0 0 0 779112 irq8 781191 dispatch 781357 
0 0 0 0 781730 irq4 783812 dispatch 783978 
1 12 1 12 784324 irq8 786434 dispatch 786598 
4 17 2 17 786951 irq4 789055 dispatch 789220 
2 10 3 10 789563 irq8 791677 dispatch 791843 
2 10 3 10 792187 irq4 794298 dispatch 794463 
2 10 3 10 794807 irq8 796920 dispatch 797085 
4 17 2 17 797429 irq4 799541 dispatch 799707 
6 24 4 24 800059 irq8 802162 dispatch 802327 
6 24 4 24 802671 irq4 804784 dispatch 804949 
6 24 4 24 805292 irq8 807405 dispatch 807570 
6 24 4 24 807914 irq4 810027 dispatch 810193 
0 0 0 0 810586 irq8 812648 dispatch 812815 
0 0 0 0 813213 irq4 815270 dispatch 815436 
2 10 3 10 815782 irq8 817891 dispatch 818059 
2 10 3 10 818404 irq4 820513 dispatch 820678 
2 10 3 10 821022 irq8 823134 dispatch 823301 
1 12 1 12 823645 irq4 825755 dispatch 825922 
3 15 1 15 826267 irq8 828377 dispatch 828544 
5 30 5 30 828889 irq4 830998 dispatch 831165 
4 17 2 17 831512 irq8 833620 dispatch 833786 
4 17 2 17 834132 irq4 836241 dispatch 836407 
5 30 5 30 836753 irq8 838863 dispatch 839030 
5 30 5 30 839377 irq4 841484 dispatch 841651 
2 10 3 10 841996 irq8 844106 dispatch 844273 
2 10 3 10 844619 irq4 846727 dispatch 846894 
2 10 3 10 847239 irq8 849348 dispatch 849516 
1 12 1 12 849862 irq4 851970 dispatch 852136 
6 24 4 24 852481 irq8 854591 dispatch 854759 
3 15 1 15 855119 irq4 857213 dispatch 857380 
6 24 4 24 857726 irq8 859834 dispatch 860003 
6 24 4 24 860348 irq4 862456 dispatch 862623 
6 24 4 24 862969 irq8 865077 dispatch 865245 
5 30 5 30 865591 irq4 867698 dispatch 867866 
2 10 3 10 868223 hf_selfid() 868429 irq8 870320 dispatch 870488 
2 10 3 10 870833 irq4 872941 dispatch 873109 
2 10 3 10 873455 irq8 875563 dispatch 875730 
4 17 2 17 876077 irq4 878184 dispatch 878352 
1 12 1 12 878698 irq8 880806 dispatch 880972 
4 17 2 17 881324 irq4 883427 dispatch 883594 
5 30 5 30 883940 irq8 886049 dispatch 886215 
0 0 0 0 886617 irq4 888670 dispatch 888838 
0 0 0 0 889235 irq8 891291 dispatch 891459 
0 0 0 0 891859 irq4 893913 dispatch 894081 
2 10 3 10 894431 irq8 896534 dispatch 896701 
2 10 3 10 897048 irq4 899156 dispatch 899324 
2 10 3 10 899670 irq8 901777 dispatch 901944 
3 15 1 15 902290 irq4 904399 dispatch 904566 
5 30 5 30 904912 irq8 907020 dispatch 907188 
5 30 5 30 907536 irq4 909642 dispatch 909808 
1 12 1 12 910155 hf_selfid() 910364 irq8 912263 dispatch 912431 
6 24 4 24 912777 irq4 914884 dispatch 915052 
6 24 4 24 915399 irq8 917506 dispatch 917673 
6 24 4 24 918019 irq4 920127 dispatch 920295 
2 10 3 10 920642 irq8 922749 dispatch 922916 
2 10 3 10 923261 irq4 925370 dispatch 925538 
2 10 3 10 925883 irq8 927992 dispatch 928160 
4 17 2 17 928505 hf_selfid() 928714 irq4 930613 dispatch 930781 
4 17 2 17 931127 irq8 933235 dispatch 933403 
3 15 1 15 933750 irq4 935856 dispatch 936024 
6 24 4 24 936383 hf_selfid() 936593 irq8 938477 dispatch 938646 
5 30 5 30 938992 hf_selfid() 939204 irq4 941099 dispatch 941267 
1 12 1 12 941614 irq8 943720 dispatch 943888 
5 30 5 30 944235 irq4 946342 dispatch 946510 
2 10 3 10 946857 irq8 948963 dispatch 949131 
2 10 3 10 949488 irq4 951585 dispatch 951753 
2 10 3 10 952100 irq8 954206 dispatch 954375 
5 30 5 30 954721 irq4 956827 dispatch 956995 
0 0 0 0 957359 irq8 959449 dispatch 959618 
0 0 0 0 960001 irq4 962070 dispatch 962238 
0 0 0 0 962628 irq8 964692 dispatch 964859 
4 17 2 17 965206 irq4 967313 dispatch 967481 
4 17 2 17 967828 irq8 969935 dispatch 970103 
0 0 0 0 970493 irq4 972556 dispatch 972725 
2 10 3 10 973073 irq8 975178 dispatch 975346 
2 10 3 10 975697 irq4 977799 dispatch 977967 
2 10 3 10 978314 irq8 980420 dispatch 980589 
1 12 1 12 980936 irq4 983042 dispatch 983208 
3 15 1 15 983552 hf_selfid() 983760 irq8 985663 dispatch 985830 
6 24 4 24 986176 irq4 988285 dispatch 988452 
6 24 4 24 988798 irq8 990906 dispatch 991074 
6 24 4 24 991420 irq4 993528 dispatch 993695 
6 24 4 24 994041 irq8 996149 dispatch 996317 
5 30 5 30 996664 irq4 998770 dispatch 998938 
2 10 3 10 999285 irq8 1001392 dispatch 1001563 
2 10 3 10 1001913 irq4 1004013 dispatch 1004184 
2 10 3 10 1004533 irq8 1006635 dispatch 1006806 
1 12 1 12 1007157 irq4 1009256 dispatch 1009427 
4 17 2 17 1009778 irq8 1011878 dispatch 1012049 
3 15 1 15 1012399 irq4 1014499 dispatch 1014670 
4 17 2 17 1015021 irq8 1017121 dispatch 1017292 
5 30 5 30 1017656 irq4 1019742 dispatch 1019914 
5 30 5 30 1020264 irq8 1022363 dispatch 1022536 
5 30 5 30 1022887 irq4 1024985 dispatch 1025156 
2 10 3 10 1025505 irq8 1027606 dispatch 1027778 
2 10 3 10 1028129 irq4 1030228 dispatch 1030400 
2 10 3 10 1030760 irq8 1032849 dispatch 1033021 
5 30 5 30 1033372 irq4 1035471 dispatch 1035643 
1 12 1 12 1035994 irq8 1038092 dispatch 1038264 
6 24 4 24 1038615 irq4 1040714 dispatch 1040885 
6 24 4 24 1041235 irq8 1043335 dispatch 1043507 
6 24 4 24 1043866 irq4 1045956 dispatch 1046128 
6 24 4 24 1046480 irq8 1048578 dispatch 1048748 
0 0 0 0 1049153 irq4 1051199 dispatch 1051371 
2 10 3 10 1051721 irq8 1053821 dispatch 1053993 
2 10 3 10 1054343 irq4 1056442 dispatch 1056613 
2 10 3 10 1056967 irq8 1059064 dispatch 1059236 
3 15 1 15 1059585 irq4 1061685 dispatch 1061857 
4 17 2 17 1062207 irq8 1064307 dispatch 1064479 
4 17 2 17 1064830 irq4 1066928 dispatch 1067099 
1 12 1 12 1067449 irq8 1069549 dispatch 1069721 
5 30 5 30 1070072 irq4 1072171 dispatch 1072342 
5 30 5 30 1072692 irq8 1074792 dispatch 1074965 
5 30 5 30 1075316 irq4 1077414 dispatch 1077585 
2 10 3 10 1077936 hf_selfid() 1078146 irq8 1080035 dispatch 1080207 
2 10 3 10 1080558 irq4 1082657 dispatch 1082828 
2 10 3 10 1083178 irq8 1085278 dispatch 1085451 
5 30 5 30 1085800 irq4 1087899 dispatch 1088072 
5 30 5 30 1088421 irq8 1090521 dispatch 1090693 
3 15 1 15 1091043 irq4 1093142 dispatch 1093314 
0 0 0 0 1093720 irq8 1095764 dispatch 1095935 
0 0 0 0 1096305 irq4 1098385 dispatch 1098557 
1 12 1 12 1098922 irq8 1101007 dispatch 1101180 
4 17 2 17 1101532 irq4 1103628 dispatch 1103802 
2 10 3 10 1104154 irq8 1106250 dispatch 1106422 
2 10 3 10 1106774 irq4 1108871 dispatch 1109044 
2 10 3 10 1109397 irq8 1111492 dispatch 1111666 
4 17 2 17 1112031 irq4 1114114 dispatch 1114286 
6 24 4 24 1114637 irq8 1116735 dispatch 1116910 
6 24 4 24 1117261 irq4 1119357 dispatch 1119531 
6 24 4 24 1119884 irq8 1121978 dispatch 1122152 
6 24 4 24 1122503 irq4 1124600 dispatch 1124773 
0 0 0 0 1125187 irq8 1127221 dispatch 1127394 
0 0 0 0 1127801 irq4 1129843 dispatch 1130016 
2 10 3 10 1130367 irq8 1132464 dispatch 1132638 
2 10 3 10 1132990 irq4 1135085 dispatch 1135259 
2 10 3 10 1135612 irq8 1137707 dispatch 1137880 
1 12 1 12 1138236 hf_selfid() 1138452 irq4 1140328 dispatch 1140501 
3 15 1 15 1140854 irq8 1142950 dispatch 1143124 
4 17 2 17 1143477 hf_selfid() 1143692 irq4 1145571 dispatch 1145746 
4 17 2 17 1146099 irq8 1148193 dispatch 